# Shot	# segments	tstart	tlast	dt	SNR min	t_flat_start	t_flat_last	tdisrupt
144200 3 -50.00 4340.00 0.0010 36.86 1502.00 2558.00 4338.00
144204 3 -50.00 4202.00 0.0010 78.13 1542.00 2456.00 4198.00
144207 3 -50.00 4292.00 0.0010 65.43 1520.00 1902.00 4292.00
144209 3 -50.00 4596.00 0.0010 18.67 1518.00 2216.00 4596.00
144210 3 -50.00 4200.00 0.0010 12.24 1483.00 2455.00 4198.00
144212 1 -50.00 1572.00 0.0010 47.43 nan nan 1570.00
144215 2 -50.00 2830.00 0.0010 95.07 1470.00 1116.00 2830.00
144217 2 -50.00 3488.00 0.0010 62.31 1374.00 1708.00 3486.00
144218 2 -50.00 2263.00 0.0010 50.30 1403.00 552.00 2261.00
144219 3 -50.00 4244.00 0.0010 42.00 1343.00 2491.00 4242.00
144220 2 -50.00 3894.00 0.0010 31.43 1258.00 2098.00 3892.00
144235 2 -50.00 3838.00 0.0010 8.65 1425.00 2059.00 3836.00
144257 3 -50.00 5795.00 0.0010 29.79 980.00 3598.00 5795.00
144262 3 -50.00 5130.00 0.0010 34.83 1284.00 2584.00 5130.00
144407 3 -50.00 4782.00 0.0010 28.25 1677.00 2737.00 4780.00
144411 3 -50.00 5355.00 0.0010 12.64 852.00 4020.00 5355.00
144711 3 -50.00 5470.00 0.0010 9.90 1222.00 3713.00 5470.00
144713 3 -50.00 5520.00 0.0010 3.02 1224.00 3006.00 5520.00
144722 3 -50.00 5490.00 0.0010 22.27 1274.00 3262.00 5490.00
144725 3 -50.00 5420.00 0.0010 6.05 1179.00 2939.00 5420.00
144726 3 -50.00 5500.00 0.0010 5.03 1790.00 2376.00 5500.00
144728 3 -50.00 5455.00 0.0010 4.33 1213.00 3611.00 5450.00
144731 3 -50.00 5495.00 0.0010 16.74 1210.00 2634.00 5495.00
144732 1 -50.00 812.00 0.0010 18.10 nan nan 810.00
144733 3 -50.00 5500.00 0.0010 34.78 1130.00 3558.00 5500.00
144734 3 -50.00 5510.00 0.0010 31.74 1726.00 2722.00 5510.00
144755 3 -50.00 4598.00 0.0010 10.29 1461.00 2775.00 4594.00
144756 3 -50.00 5075.00 0.0010 5.16 1196.00 3030.00 5070.00
144758 1 -50.00 1606.00 0.0010 44.26 nan nan 1603.00
144759 3 -50.00 5525.00 0.0010 64.52 1204.00 3634.00 5525.00
144760 2 -50.00 2781.00 0.0010 23.25 1155.00 668.00 2778.00
144761 3 -50.00 5085.00 0.0010 14.84 1359.00 3137.00 5085.00
144763 2 -50.00 2974.00 0.0010 14.25 1172.00 1394.00 2970.00
144764 3 -50.00 4068.00 0.0010 16.30 1266.00 2412.00 4066.00
144766 3 -50.00 4202.00 0.0010 13.68 1157.00 1943.00 4202.00
144767 2 -50.00 2724.00 0.0010 81.65 1197.00 1149.00 2722.00
144769 1 -50.00 1456.00 0.0010 38.46 nan nan 1453.00
144772 3 -50.00 5300.00 0.0010 90.10 1055.00 3557.00 5300.00
144775 3 -50.00 5390.00 0.0010 5.14 1522.00 3240.00 5390.00
144783 1 -50.00 1594.00 0.0010 13.99 nan nan 1589.00
144785 1 -50.00 1658.00 0.0010 16.19 nan nan 1653.00
144793 2 -50.00 3434.00 0.0010 63.60 1361.00 1919.00 3430.00
144794 2 -50.00 3740.00 0.0010 91.94 1462.00 1411.00 3738.00
144795 2 -50.00 3436.00 0.0010 43.53 1491.00 937.00 3432.00
144796 3 -50.00 5095.00 0.0010 67.82 1410.00 1082.00 5095.00
144797 2 -50.00 3834.00 0.0010 25.59 1481.00 1320.00 3830.00
144798 2 -50.00 3438.00 0.0010 90.18 1482.00 1323.00 3434.00
144799 3 -50.00 4498.00 0.0010 7.00 1628.00 1954.00 4496.00
144809 2 -50.00 2490.00 0.0010 24.58 nan nan 2488.00
144811 3 -50.00 4136.00 0.0010 57.38 nan nan 4132.00
144812 3 -50.00 5070.00 0.0010 17.35 nan nan 5070.00
144813 3 -50.00 4698.00 0.0010 44.18 2105.00 1367.00 4696.00
144814 2 -50.00 3920.00 0.0010 57.83 nan nan 3918.00
144819 2 -50.00 3020.00 0.0010 8.52 1644.00 870.00 3016.00
144820 2 -50.00 3020.00 0.0010 5.63 1532.00 1356.00 3018.00
144821 2 -50.00 2701.00 0.0010 9.82 1595.00 868.00 2697.00
144822 2 -50.00 2560.00 0.0010 8.25 2026.00 153.00 2559.00
144823 2 -50.00 2367.00 0.0010 3.31 nan nan 2365.00
144825 2 -50.00 2265.00 0.0010 3.47 1583.00 602.00 2263.00
144826 2 -50.00 2170.00 0.0010 7.79 nan nan 2167.00
144827 2 -50.00 2126.00 0.0010 7.01 nan nan 2123.00
144828 2 -50.00 2130.00 0.0010 7.55 1661.00 344.00 2127.00
144829 2 -50.00 2570.00 0.0010 10.67 nan nan 2566.00
144831 2 -50.00 2318.00 0.0010 12.73 1770.00 396.00 2314.00
144832 2 -50.00 2112.00 0.0010 5.10 1644.00 289.00 2110.00
144833 2 -50.00 2173.00 0.0010 6.43 1515.00 502.00 2170.00
144834 2 -50.00 2172.00 0.0010 7.73 1537.00 522.00 2168.00
144835 2 -50.00 2662.00 0.0010 8.05 1703.00 856.00 2659.00
144837 2 -50.00 3026.00 0.0010 56.89 nan nan 3024.00
144851 1 -50.00 1663.00 0.0010 27.40 nan nan 1660.00
144874 3 -50.00 5525.00 0.0010 8.46 806.00 2934.00 5525.00
144875 3 -50.00 5470.00 0.0010 5.55 770.00 3514.00 5470.00
144876 3 -50.00 5500.00 0.0010 16.18 794.00 3318.00 5500.00
144877 3 -50.00 5495.00 0.0010 8.24 686.00 4112.00 5495.00
144878 3 -50.00 5530.00 0.0010 17.02 874.00 3570.00 5525.00
144879 3 -50.00 5475.00 0.0010 3.35 686.00 4184.00 5475.00
144910 2 -50.00 3236.00 0.0010 19.46 476.00 2177.00 3234.00
144911 2 -50.00 3486.00 0.0010 11.95 1630.00 1476.00 3484.00
144924 2 -50.00 3286.00 0.0010 13.26 1696.00 1430.00 3284.00
145011 2 -50.00 3282.00 0.0010 6.50 1350.00 1768.00 3278.00
145017 2 -50.00 3556.00 0.0010 4.33 1431.00 1067.00 3552.00
145018 2 -50.00 3484.00 0.0010 7.35 1614.00 848.00 3480.00
145033 3 -50.00 4386.00 0.0010 3.06 2431.00 843.00 4382.00
145050 1 -50.00 1703.00 0.0010 5.08 nan nan 1701.00
145062 3 -50.00 4844.00 0.0010 6.38 1189.00 2107.00 4840.00
145064 2 -50.00 3784.00 0.0010 33.16 1275.00 2429.00 3782.00
145068 3 -50.00 4970.00 0.0010 9.81 1349.00 3063.00 4965.00
145075 2 -50.00 3834.00 0.0010 12.51 1051.00 1731.00 3830.00
145078 3 -50.00 5395.00 0.0010 3.06 1096.00 3278.00 5395.00
145080 2 -50.00 3696.00 0.0010 18.77 1042.00 1730.00 3694.00
145084 3 -50.00 4212.00 0.0010 4.88 1352.00 2700.00 4208.00
145087 2 -50.00 3572.00 0.0010 4.91 1241.00 2131.00 3568.00
145089 2 -50.00 3598.00 0.0010 25.27 1179.00 1649.00 3598.00
145090 2 -50.00 2928.00 0.0010 5.49 1081.00 1620.00 2926.00
145096 1 -50.00 1813.00 0.0010 9.22 nan nan 1811.00
145097 2 -50.00 3752.00 0.0010 15.79 1015.00 1737.00 3750.00
145108 2 -50.00 3874.00 0.0010 7.40 1061.00 1807.00 3872.00
145109 3 -50.00 5395.00 0.0010 14.66 1144.00 3700.00 5395.00
145115 3 -50.00 4980.00 0.0010 5.09 1263.00 2271.00 4975.00
145121 3 -50.00 4384.00 0.0010 8.74 1048.00 2866.00 4380.00
145122 1 -50.00 1732.00 0.0010 8.17 nan nan 1730.00
145124 2 -50.00 2378.00 0.0010 4.59 nan nan 2376.00
145139 3 -50.00 4260.00 0.0010 14.17 1251.00 2725.00 4258.00
145141 3 -50.00 4362.00 0.0010 73.18 1272.00 2708.00 4360.00
145144 2 -50.00 3692.00 0.0010 45.48 1104.00 1848.00 3692.00
145578 3 -50.00 4462.00 0.0010 6.37 2078.00 1568.00 4458.00
145585 3 -50.00 4900.00 0.0010 5.33 810.00 1981.00 4895.00
145590 3 -50.00 4784.00 0.0010 3.89 1765.00 585.00 4780.00
145596 3 -50.00 5160.00 0.0010 7.89 1708.00 2812.00 5155.00
145597 2 -50.00 3424.00 0.0010 3.05 1843.00 613.00 3420.00
145688 3 -50.00 5435.00 0.0010 59.03 2420.00 2066.00 5435.00
145689 3 -50.00 4178.00 0.0010 44.87 1558.00 557.00 4174.00
145691 3 -50.00 4638.00 0.0010 55.90 1788.00 2200.00 4636.00
145857 3 -50.00 4945.00 0.0010 8.37 1810.00 1884.00 4945.00
145858 3 -50.00 4504.00 0.0010 7.10 1698.00 1236.00 4500.00
145860 2 -50.00 3532.00 0.0010 6.12 1840.00 623.00 3530.00
145862 2 -50.00 3826.00 0.0010 7.78 1632.00 1852.00 3824.00
145866 2 -50.00 3844.00 0.0010 10.64 1547.00 1791.00 3840.00
146087 3 -50.00 4408.00 0.0010 35.87 1210.00 1778.00 4408.00
146092 2 -50.00 2192.00 0.0010 21.25 1259.00 689.00 2190.00
146100 1 -50.00 1889.00 0.0010 5.52 1166.00 577.00 1888.00
146103 1 -50.00 1387.00 0.0010 6.26 nan nan 1387.00
146124 1 -50.00 1055.00 0.0010 13.78 nan nan 1052.00
146125 1 -50.00 1432.00 0.0010 4.24 1249.00 54.00 1432.00
146380 2 -50.00 3230.00 0.0010 11.81 1375.00 1605.00 3226.00
146386 3 -50.00 4966.00 0.0010 6.28 1782.00 3112.00 4960.00
146388 3 -50.00 5142.00 0.0010 17.54 2342.00 1570.00 5138.00
146389 2 -50.00 3414.00 0.0010 15.49 2254.00 782.00 3410.00
146391 2 -50.00 3410.00 0.0010 18.50 1996.00 901.00 3406.00
146393 3 -50.00 5700.00 0.0010 56.58 1800.00 3278.00 5695.00
146394 4 -50.00 6055.00 0.0010 34.83 2216.00 2526.00 6055.00
146395 3 -50.00 4106.00 0.0010 16.11 2540.00 1466.00 4104.00
146398 3 -50.00 4378.00 0.0010 20.53 2233.00 1189.00 4376.00
146399 3 -50.00 4448.00 0.0010 25.22 824.00 2958.00 4444.00
146401 3 -50.00 4022.00 0.0010 13.17 2228.00 1662.00 4018.00
146402 2 -50.00 3612.00 0.0010 31.63 1912.00 952.00 3608.00
146435 1 -50.00 1359.00 0.0010 35.26 nan nan 1355.00
146487 3 -50.00 5335.00 0.0010 12.21 1217.00 1668.00 5335.00
146494 3 -50.00 5035.00 0.0010 48.09 1799.00 1975.00 5035.00
146495 3 -50.00 4262.00 0.0010 3.15 2564.00 822.00 4258.00
146496 2 -50.00 3564.00 0.0010 12.63 2123.00 817.00 3560.00
146497 2 -50.00 3282.00 0.0010 13.18 nan nan 3278.00
146498 3 -50.00 4324.00 0.0010 14.24 1425.00 1428.00 4320.00
146499 2 -50.00 2528.00 0.0010 10.99 1723.00 676.00 2525.00
146517 4 -50.00 5960.00 0.0010 4.59 1192.00 3654.00 5955.00
146518 3 -50.00 5660.00 0.0010 4.30 1103.00 3763.00 5660.00
146532 3 -50.00 4990.00 0.0010 7.73 1108.00 2450.00 4990.00
146543 3 -50.00 4635.00 0.0010 11.00 1728.00 713.00 4635.00
146546 3 -50.00 4945.00 0.0010 10.79 1292.00 1105.00 4940.00
146547 3 -50.00 4960.00 0.0010 10.11 1138.00 1335.00 4955.00
146550 2 -50.00 2024.00 0.0010 14.55 nan nan 2020.00
146626 3 -50.00 4796.00 0.0010 5.47 1625.00 856.00 4776.00
146627 3 -50.00 4506.00 0.0010 4.50 1736.00 1001.00 4500.00
146628 3 -50.00 5820.00 0.0010 5.33 2002.00 2776.00 5815.00
146633 2 -50.00 2541.00 0.0010 7.70 1663.00 574.00 2535.00
146634 2 -50.00 3580.00 0.0010 4.94 1825.00 1425.00 3576.00
146635 2 -50.00 3758.00 0.0010 4.53 1843.00 1359.00 3758.00
146792 1 -50.00 1726.00 0.0010 3.88 nan nan 1724.00
146800 3 -50.00 3994.00 0.0010 6.35 2431.00 812.00 3990.00
146810 2 -50.00 2923.00 0.0010 3.01 nan nan 2921.00
148322 3 -50.00 4970.00 0.0010 15.97 1250.00 2928.00 4965.00
148326 3 -50.00 4548.00 0.0010 22.98 1080.00 1748.00 4544.00
148328 3 -50.00 5130.00 0.0010 23.57 1062.00 3020.00 5130.00
148531 1 -50.00 528.00 0.0010 20.48 nan nan 526.00
148716 3 -50.00 4882.00 0.0010 5.84 1944.00 2508.00 4878.00
148719 3 -50.00 4736.00 0.0010 3.77 1621.00 853.00 4732.00
148721 3 -50.00 5010.00 0.0010 5.30 1607.00 365.00 5005.00
148723 3 -50.00 5205.00 0.0010 3.89 1657.00 254.00 5205.00
148726 4 -50.00 6310.00 0.0010 4.40 1486.00 3944.00 6305.00
148729 2 -50.00 3940.00 0.0010 6.15 1417.00 662.00 3936.00
148731 4 -50.00 6250.00 0.0010 5.84 1404.00 4321.00 6240.00
148732 3 -50.00 4660.00 0.0010 4.61 1358.00 623.00 4660.00
148733 2 -50.00 3382.00 0.0010 4.57 1956.00 1300.00 3378.00
148740 4 -50.00 6155.00 0.0010 12.66 1641.00 4319.00 6150.00
148741 3 -50.00 5675.00 0.0010 7.69 1398.00 2416.00 5670.00
148743 2 -50.00 3902.00 0.0010 4.78 1624.00 1213.00 3898.00
148751 3 -50.00 4950.00 0.0010 4.53 848.00 1444.00 4950.00
148752 3 -50.00 5345.00 0.0010 11.40 1455.00 2675.00 5340.00
148753 3 -50.00 4356.00 0.0010 4.48 1414.00 2698.00 4352.00
148755 2 -50.00 2862.00 0.0010 10.12 2009.00 454.00 2859.00
148759 3 -50.00 4382.00 0.0010 4.34 2229.00 1635.00 4380.00
148760 3 -50.00 4592.00 0.0010 7.89 2525.00 1243.00 4588.00
148762 3 -50.00 5320.00 0.0010 4.73 2235.00 2155.00 5315.00
148763 3 -50.00 5115.00 0.0010 3.50 2190.00 1850.00 5110.00
148921 1 -50.00 1487.00 0.0010 18.01 1056.00 297.00 1486.00
148928 1 -50.00 1770.00 0.0010 33.60 1196.00 351.00 1768.00
149001 1 -50.00 1736.00 0.0010 7.06 nan nan 1733.00
149002 1 -50.00 1746.00 0.0010 7.39 1089.00 379.00 1744.00
149003 2 -50.00 2375.00 0.0010 9.39 1132.00 471.00 2373.00
149004 1 -50.00 1808.00 0.0010 3.25 1073.00 369.00 1804.00
149005 1 -50.00 1857.00 0.0010 4.04 1048.00 478.00 1854.00
149006 2 -50.00 3388.00 0.0010 9.13 1146.00 1675.00 3388.00
149008 2 -50.00 2279.00 0.0010 8.63 978.00 1131.00 2278.00
149009 2 -50.00 3000.00 0.0010 9.07 1248.00 1173.00 2996.00
149014 2 -50.00 3372.00 0.0010 11.99 1070.00 1478.00 3370.00
149016 2 -50.00 3554.00 0.0010 12.29 968.00 2030.00 3552.00
149019 3 -50.00 4206.00 0.0010 9.21 1181.00 2053.00 4206.00
149021 2 -50.00 3290.00 0.0010 11.92 970.00 1727.00 3288.00
149024 3 -50.00 4212.00 0.0010 4.47 1085.00 1727.00 4212.00
149025 1 -50.00 1314.00 0.0010 12.92 nan nan 1310.00
149030 2 -50.00 2327.00 0.0010 5.55 1176.00 699.00 2325.00
149031 1 -50.00 1626.00 0.0010 6.57 1202.00 346.00 1624.00
149032 1 -50.00 1813.00 0.0010 6.62 1556.00 175.00 1811.00
149033 2 -50.00 2007.00 0.0010 5.03 1684.00 234.00 2005.00
149034 1 -50.00 1867.00 0.0010 7.06 nan nan 1864.00
149035 2 -50.00 2228.00 0.0010 5.87 nan nan 2226.00
149037 2 -50.00 2463.00 0.0010 6.24 nan nan 2461.00
149065 2 -50.00 3524.00 0.0010 5.02 1076.00 1655.00 3522.00
149066 2 -50.00 3382.00 0.0010 4.69 1037.00 1747.00 3380.00
149067 2 -50.00 3420.00 0.0010 4.66 1292.00 1523.00 3418.00
149070 1 -50.00 982.00 0.0010 6.77 nan nan 980.00
149071 2 -50.00 1990.00 0.0010 4.97 980.00 233.00 1986.00
149072 1 -50.00 876.00 0.0010 18.81 nan nan 874.00
149073 1 -50.00 1823.00 0.0010 16.09 nan nan 1820.00
149074 2 -50.00 3438.00 0.0010 15.74 1081.00 1725.00 3434.00
149075 1 -50.00 1069.00 0.0010 8.30 nan nan 1066.00
149076 2 -50.00 3540.00 0.0010 19.75 1115.00 1704.00 3538.00
149077 2 -50.00 2785.00 0.0010 4.66 948.00 1437.00 2784.00
149078 2 -50.00 3172.00 0.0010 18.84 1172.00 1365.00 3170.00
149079 2 -50.00 2671.00 0.0010 6.38 1305.00 736.00 2670.00
149097 1 -50.00 1367.00 0.0010 8.05 nan nan 1365.00
149099 2 -50.00 3472.00 0.0010 17.96 1096.00 1140.00 3468.00
149100 3 -50.00 4480.00 0.0010 12.42 1186.00 2310.00 4476.00
149102 1 -50.00 1115.00 0.0010 10.99 nan nan 1112.00
149105 2 -50.00 3662.00 0.0010 24.05 1252.00 1465.00 3660.00
149107 3 -50.00 5405.00 0.0010 15.32 1119.00 3871.00 5400.00
149108 3 -50.00 5535.00 0.0010 12.38 1124.00 4086.00 5530.00
149112 1 -50.00 1217.00 0.0010 10.41 nan nan 1215.00
149118 4 -50.00 6120.00 0.0010 4.46 1114.00 2432.00 6120.00
149119 2 -50.00 2712.00 0.0010 3.96 1197.00 1333.00 2709.00
149125 1 -50.00 1639.00 0.0010 37.03 nan nan 1635.00
149165 2 -50.00 3440.00 0.0010 19.03 202.00 1962.00 3438.00
149166 2 -50.00 3722.00 0.0010 17.24 1301.00 876.00 3716.00
149167 3 -50.00 4608.00 0.0010 7.70 1283.00 818.00 4604.00
149168 3 -50.00 4612.00 0.0010 13.44 1499.00 566.00 4608.00
149169 3 -50.00 4536.00 0.0010 15.36 1844.00 310.00 4532.00
149170 2 -50.00 2456.00 0.0010 4.94 1292.00 984.00 2452.00
149171 3 -50.00 4566.00 0.0010 11.81 1299.00 2909.00 4562.00
149172 3 -50.00 4426.00 0.0010 12.50 1368.00 714.00 4422.00
149173 3 -50.00 4864.00 0.0010 11.92 1623.00 3031.00 4860.00
149174 3 -50.00 4945.00 0.0010 11.94 nan nan 4940.00
149175 2 -50.00 2417.00 0.0010 7.83 1537.00 676.00 2413.00
149176 3 -50.00 4476.00 0.0010 8.52 1529.00 634.00 4474.00
149177 3 -50.00 4676.00 0.0010 9.89 nan nan 4674.00
149178 2 -50.00 2773.00 0.0010 9.31 1448.00 866.00 2769.00
149179 3 -50.00 4560.00 0.0010 8.81 1411.00 674.00 4558.00
149180 2 -50.00 3898.00 0.0010 11.34 1399.00 2429.00 3896.00
149181 2 -50.00 3532.00 0.0010 9.33 2237.00 545.00 3528.00
149182 3 -50.00 4034.00 0.0010 6.43 1783.00 690.00 4030.00
149183 2 -50.00 3446.00 0.0010 9.74 1587.00 1197.00 3442.00
149184 2 -50.00 2597.00 0.0010 8.81 nan nan 2593.00
149185 1 -50.00 1936.00 0.0010 9.99 nan nan 1935.00
149186 3 -50.00 4698.00 0.0010 9.09 1534.00 2204.00 4696.00
149187 2 -50.00 3532.00 0.0010 17.69 1540.00 1238.00 3530.00
149188 2 -50.00 3934.00 0.0010 17.41 1500.00 1528.00 3930.00
149189 3 -50.00 4464.00 0.0010 19.83 1446.00 2666.00 4462.00
149190 2 -50.00 3522.00 0.0010 22.52 1528.00 1291.00 3518.00
149191 2 -50.00 3662.00 0.0010 19.73 1587.00 1587.00 3660.00
149199 3 -50.00 5020.00 0.0010 22.04 1168.00 3216.00 5020.00
149202 3 -50.00 5410.00 0.0010 36.43 1129.00 3555.00 5410.00
149205 3 -50.00 5360.00 0.0010 32.14 1042.00 2480.00 5360.00
149206 3 -50.00 5400.00 0.0010 38.88 1188.00 3032.00 5400.00
149207 2 -50.00 2392.00 0.0010 15.83 1553.00 769.00 2389.00
149208 3 -50.00 4398.00 0.0010 6.26 1033.00 3231.00 4396.00
149211 3 -50.00 5400.00 0.0010 34.15 1448.00 2472.00 5400.00
149212 2 -50.00 2526.00 0.0010 8.87 nan nan 2524.00
149213 3 -50.00 4128.00 0.0010 8.13 1087.00 1768.00 4126.00
149214 2 -50.00 3726.00 0.0010 23.99 1029.00 1754.00 3724.00
149215 2 -50.00 3632.00 0.0010 22.13 1203.00 2357.00 3630.00
149216 3 -50.00 4740.00 0.0010 21.74 1320.00 3262.00 4736.00
149219 3 -50.00 4410.00 0.0010 25.91 1035.00 3095.00 4406.00
149220 3 -50.00 5390.00 0.0010 21.14 1045.00 1790.00 5390.00
149221 3 -50.00 4368.00 0.0010 22.07 1111.00 2503.00 4364.00
149222 3 -50.00 5370.00 0.0010 20.95 1178.00 3552.00 5370.00
149224 3 -50.00 5410.00 0.0010 23.48 1062.00 3468.00 5405.00
149225 3 -50.00 5400.00 0.0010 25.12 1230.00 3568.00 5400.00
149226 3 -50.00 5360.00 0.0010 25.71 1063.00 3449.00 5360.00
149227 3 -50.00 4664.00 0.0010 27.50 1047.00 2957.00 4662.00
149248 4 -50.00 6215.00 0.0010 37.14 1246.00 3566.00 6215.00
149251 3 -50.00 4144.00 0.0010 79.34 1706.00 1390.00 4140.00
149254 3 -50.00 5860.00 0.0010 62.69 1642.00 3718.00 5860.00
149255 3 -50.00 5865.00 0.0010 62.29 1639.00 3035.00 5865.00
149256 3 -50.00 5860.00 0.0010 62.60 1764.00 2846.00 5860.00
149257 3 -50.00 4412.00 0.0010 55.68 1786.00 1534.00 4410.00
149258 3 -50.00 5855.00 0.0010 62.41 1760.00 3240.00 5855.00
149259 3 -50.00 5870.00 0.0010 71.14 1642.00 3192.00 5870.00
149264 3 -50.00 5865.00 0.0010 67.90 1789.00 2663.00 5865.00
149266 4 -50.00 6205.00 0.0010 36.38 1122.00 3538.00 6200.00
149307 4 -50.00 6120.00 0.0010 4.59 1051.00 3517.00 6120.00
149311 3 -50.00 5470.00 0.0010 3.18 768.00 4307.00 5470.00
149312 3 -50.00 4234.00 0.0010 3.28 856.00 2262.00 4232.00
149314 2 -50.00 3680.00 0.0010 3.26 994.00 2546.00 3678.00
149315 3 -50.00 4915.00 0.0010 3.72 1061.00 3655.00 4915.00
149338 3 -50.00 4152.00 0.0010 58.23 1643.00 1228.00 4148.00
149340 3 -50.00 5890.00 0.0010 51.08 1635.00 3835.00 5880.00
149341 3 -50.00 5915.00 0.0010 60.19 1702.00 2340.00 5910.00
149342 3 -50.00 4406.00 0.0010 60.46 1652.00 1013.00 4402.00
149343 3 -50.00 5270.00 0.0010 64.88 1982.00 2598.00 5265.00
149349 4 -50.00 6425.00 0.0010 9.29 1694.00 3401.00 6425.00
149365 3 -50.00 4878.00 0.0010 6.67 2025.00 2299.00 4876.00
149369 3 -50.00 5235.00 0.0010 5.89 1945.00 2083.00 5230.00
149374 2 -50.00 3182.00 0.0010 25.23 1730.00 674.00 3180.00
149379 3 -50.00 5725.00 0.0010 8.12 1317.00 3405.00 5720.00
149381 3 -50.00 5810.00 0.0010 9.23 1395.00 3147.00 5805.00
149382 3 -50.00 4252.00 0.0010 10.28 1314.00 2738.00 4250.00
149432 2 -50.00 3438.00 0.0010 29.55 772.00 1862.00 3436.00
149433 1 -50.00 1667.00 0.0010 22.16 nan nan 1664.00
149434 2 -50.00 2305.00 0.0010 30.34 1673.00 195.00 2300.00
149435 2 -50.00 2426.00 0.0010 33.46 1710.00 301.00 2422.00
149436 1 -50.00 1380.00 0.0010 24.50 nan nan 1377.00
149438 2 -50.00 2470.00 0.0010 23.18 1792.00 407.00 2466.00
149439 1 -50.00 1561.00 0.0010 22.83 nan nan 1558.00
149440 1 -50.00 1915.00 0.0010 22.57 nan nan 1911.00
149442 2 -50.00 2002.00 0.0010 11.17 nan nan 1998.00
149443 2 -50.00 2036.00 0.0010 10.14 nan nan 2032.00
149444 2 -50.00 2143.00 0.0010 18.48 nan nan 2139.00
149446 2 -50.00 1973.00 0.0010 3.68 nan nan 1969.00
149447 2 -50.00 3400.00 0.0010 7.65 1878.00 942.00 3398.00
149451 3 -50.00 5755.00 0.0010 4.67 1804.00 3306.00 5750.00
149452 2 -50.00 3858.00 0.0010 7.37 1991.00 1231.00 3856.00
149453 3 -50.00 5530.00 0.0010 8.36 1683.00 2977.00 5530.00
149454 3 -50.00 5170.00 0.0010 8.20 1421.00 1047.00 5170.00
149456 3 -50.00 5760.00 0.0010 5.09 1981.00 2551.00 5755.00
149457 4 -50.00 6045.00 0.0010 6.25 1952.00 2264.00 6040.00
149459 3 -50.00 5075.00 0.0010 3.83 1928.00 2316.00 5070.00
149462 3 -50.00 5575.00 0.0010 6.57 1375.00 435.00 5575.00
149470 1 -50.00 1774.00 0.0010 120.31 1137.00 565.00 1771.00
149471 1 -50.00 1429.00 0.0010 105.82 1127.00 59.00 1427.00
149472 2 -50.00 2018.00 0.0010 68.14 1245.00 644.00 2015.00
149473 2 -50.00 3016.00 0.0010 61.88 1400.00 1389.00 3014.00
149474 2 -50.00 3870.00 0.0010 67.92 1245.00 2391.00 3866.00
149475 2 -50.00 2708.00 0.0010 61.67 1327.00 874.00 2706.00
149477 1 -50.00 1595.00 0.0010 33.31 nan nan 1594.00
149478 2 -50.00 3448.00 0.0010 23.10 1167.00 1785.00 3448.00
149479 2 -50.00 3788.00 0.0010 23.54 1111.00 2017.00 3788.00
149480 2 -50.00 2329.00 0.0010 28.50 1171.00 985.00 2328.00
149481 2 -50.00 2348.00 0.0010 24.24 828.00 1268.00 2347.00
149482 2 -50.00 2516.00 0.0010 22.01 1206.00 1221.00 2515.00
149483 2 -50.00 3326.00 0.0010 18.23 1118.00 1974.00 3324.00
149484 1 -50.00 1946.00 0.0010 26.66 nan nan 1945.00
149486 1 -50.00 1846.00 0.0010 59.65 1049.00 699.00 1845.00
149488 3 -50.00 5440.00 0.0010 33.66 1416.00 3428.00 5435.00
149489 1 -50.00 1046.00 0.0010 27.42 nan nan 1045.00
149490 1 -50.00 1108.00 0.0010 32.06 nan nan 1106.00
149491 3 -50.00 4672.00 0.0010 27.77 1073.00 3309.00 4670.00
149530 4 -50.00 6070.00 0.0010 13.82 1376.00 3328.00 6070.00
149531 3 -50.00 5360.00 0.0010 13.66 1293.00 3193.00 5355.00
149532 3 -50.00 5820.00 0.0010 13.91 1278.00 3402.00 5820.00
149540 2 -50.00 3510.00 0.0010 15.71 1521.00 1161.00 3508.00
149544 3 -50.00 4802.00 0.0010 15.71 1448.00 2912.00 4798.00
149602 2 -50.00 3518.00 0.0010 24.12 1145.00 1704.00 3518.00
149603 3 -50.00 5705.00 0.0010 26.75 1145.00 2751.00 5705.00
149612 3 -50.00 5725.00 0.0010 24.57 1298.00 3512.00 5725.00
149646 2 -50.00 3612.00 0.0010 9.40 1667.00 1355.00 3610.00
149647 2 -50.00 3462.00 0.0010 11.80 1603.00 1627.00 3458.00
149648 2 -50.00 3318.00 0.0010 14.28 1654.00 1153.00 3314.00
149649 2 -50.00 3786.00 0.0010 16.54 1510.00 2066.00 3782.00
149657 1 -50.00 1686.00 0.0010 15.59 982.00 638.00 1685.00
149659 1 -50.00 1914.00 0.0010 15.71 1050.00 712.00 1913.00
149660 3 -50.00 4548.00 0.0010 16.29 1176.00 2566.00 4548.00
149662 2 -50.00 2916.00 0.0010 9.34 1108.00 1355.00 2914.00
149720 2 -50.00 2029.00 0.0010 3.95 nan nan 2029.00
149721 2 -50.00 2013.00 0.0010 3.08 nan nan 2012.00
149723 2 -50.00 2011.00 0.0010 5.40 1869.00 19.00 2010.00
149841 3 -50.00 5280.00 0.0010 23.99 1743.00 1897.00 5280.00
149844 3 -50.00 4316.00 0.0010 24.74 582.00 2070.00 4314.00
149899 2 -50.00 3480.00 0.0010 23.01 1163.00 1679.00 3478.00
149900 3 -50.00 5380.00 0.0010 4.82 1173.00 2113.00 5375.00
149904 1 -50.00 694.00 0.0010 9.81 nan nan 694.00
149905 2 -50.00 3164.00 0.0010 16.51 1277.00 1546.00 3162.00
150009 3 -50.00 5195.00 0.0010 5.14 1113.00 2295.00 5195.00
150012 3 -50.00 5195.00 0.0010 3.27 1127.00 3505.00 5190.00
150013 1 -50.00 692.00 0.0010 3.80 nan nan 698.00
150014 3 -50.00 5195.00 0.0010 3.88 1248.00 3154.00 5190.00
150112 3 -50.00 5945.00 0.0010 53.72 1146.00 4264.00 5945.00
150123 4 -50.00 6180.00 0.0010 81.71 1163.00 3747.00 6190.00
150134 3 -50.00 5125.00 0.0010 61.13 1230.00 3592.00 5120.00
150135 3 -50.00 5425.00 0.0010 58.73 1231.00 3515.00 5425.00
150136 3 -50.00 5355.00 0.0010 56.55 1214.00 3016.00 5335.00
150138 3 -50.00 5495.00 0.0010 55.41 1249.00 3101.00 5490.00
150146 3 -50.00 5275.00 0.0010 5.66 1239.00 2477.00 5270.00
150171 2 -50.00 2012.00 0.0010 5.14 1304.00 630.00 2008.00
150172 2 -50.00 3162.00 0.0010 3.79 1165.00 1601.00 3160.00
150173 2 -50.00 2021.00 0.0010 5.13 1335.00 569.00 2019.00
150175 2 -50.00 2015.40 0.0010 8.75 1518.00 405.80 2013.60
150177 2 -50.00 2011.60 0.0010 11.27 1526.80 422.00 2009.00
150178 2 -50.00 2008.60 0.0010 5.23 1547.00 395.40 2005.60
150182 2 -50.00 2009.40 0.0010 4.24 1510.80 428.40 2007.00
150185 2 -50.00 2007.60 0.0010 3.35 1510.80 433.20 2005.00
150361 3 -50.00 5610.00 0.0010 6.90 1427.00 2937.00 5610.00
150362 3 -50.00 5545.00 0.0010 4.83 1619.00 1685.00 5525.00
150364 3 -50.00 5550.00 0.0010 3.72 1518.00 2864.00 5545.00
150365 3 -50.00 5465.00 0.0010 4.62 1465.00 2847.00 5420.00
150366 3 -50.00 5335.00 0.0010 6.25 1552.00 3200.00 5330.00
150367 3 -50.00 5095.00 0.0010 7.87 1448.00 2426.00 5090.00
150368 3 -50.00 5305.00 0.0010 6.87 1419.00 2451.00 5300.00
150369 3 -50.00 5230.00 0.0010 6.34 1645.00 1263.00 5230.00
150370 3 -50.00 5315.00 0.0010 6.95 1441.00 2405.00 5310.00
150371 3 -50.00 5305.00 0.0010 75.33 1474.00 2326.00 5300.00
150373 3 -50.00 5060.00 0.0010 19.43 1509.00 3109.00 5060.00
150375 3 -50.00 5285.00 0.0010 25.18 1416.00 3344.00 5280.00
150421 3 -50.00 4688.00 0.0010 3.06 468.00 3690.00 4708.00
150461 1 -50.00 1218.00 0.0010 10.52 nan nan 1214.00
150462 1 -50.00 1220.00 0.0010 7.80 nan nan 1218.00
150463 1 -50.00 1078.00 0.0010 3.59 nan nan 1078.00
150464 1 -50.00 1072.00 0.0010 6.10 nan nan 1072.00
150465 1 -50.00 1217.00 0.0010 4.99 nan nan 1215.50
150466 1 -50.00 1219.00 0.0010 7.44 nan nan 1219.00
150467 1 -50.00 1238.40 0.0010 11.11 nan nan 1209.60
150468 1 -50.00 1269.20 0.0010 9.80 nan nan 1274.20
150470 1 -50.00 1217.20 0.0010 8.46 nan nan 1210.40
150471 1 -50.00 1258.40 0.0010 6.87 nan nan 1210.00
150601 3 -50.00 5020.00 0.0010 5.28 1518.00 3336.00 5020.00
150613 3 -50.00 4854.00 0.0010 5.17 1598.00 2402.00 4850.00
150617 2 -50.00 3208.00 0.0010 8.38 1745.00 713.00 3206.00
150619 2 -50.00 2613.00 0.0010 7.09 1286.00 1256.00 2610.00
150621 3 -50.00 4440.00 0.0010 8.00 1547.00 1527.00 4438.00
150776 2 -50.00 3160.00 0.0010 4.18 1243.00 1384.00 3158.00
150777 3 -50.00 4618.00 0.0010 4.35 1582.00 1207.00 4614.00
150781 2 -50.00 3124.00 0.0010 10.54 1272.00 1448.00 3120.00
150788 4 -50.00 6230.00 0.0010 12.76 1264.00 4161.00 6230.00
150791 3 -50.00 5280.00 0.0010 23.53 1249.00 3461.00 5275.00
152560 2 -50.00 2047.00 0.0010 3.31 1169.50 809.00 2042.00
152614 4 -50.00 7401.50 0.0010 4.10 1050.00 5664.50 7398.00
152615 2 -50.00 3560.00 0.0010 3.60 879.00 2472.50 3556.50
152724 3 -50.00 5613.50 0.0010 37.07 1161.00 4140.00 5609.00
152732 3 -50.00 4512.00 0.0010 13.20 1111.00 3243.50 4510.50
152829 2 -50.00 3468.00 0.0010 42.54 1022.50 2296.50 3464.50
152850 4 -50.00 7355.00 0.0010 6.20 1086.00 5653.50 7354.00
152852 2 -50.00 3503.50 0.0010 3.37 1364.50 2036.00 3500.50
152854 3 -50.00 4584.50 0.0010 8.88 1287.00 3128.00 4582.00
152856 4 -50.00 6406.00 0.0010 5.76 757.00 5182.00 6404.50
152859 3 -50.00 5700.50 0.0010 3.55 1260.50 4284.50 5697.50
152925 4 -50.00 7041.50 0.0010 21.00 1726.00 3227.00 7040.00
152931 2 -50.00 2237.00 0.0010 4.34 1569.00 606.50 2233.00
152938 4 -50.00 7037.00 0.0010 5.25 1580.50 3200.00 7035.50
152964 3 -50.00 5843.00 0.0010 7.84 1019.50 4292.00 5840.50
152966 3 -50.00 5860.00 0.0010 6.43 1027.50 4442.00 5858.50
152967 3 -50.00 5844.00 0.0010 6.40 1032.50 4429.00 5842.00
152968 3 -50.00 5849.00 0.0010 7.15 1051.50 4407.50 5847.00
152969 2 -50.00 2192.00 0.0010 3.29 1286.00 805.00 2185.50
152970 3 -50.00 5846.00 0.0010 5.83 1247.50 4215.00 5843.50
152971 3 -50.00 5850.00 0.0010 6.47 1253.00 4192.00 5848.00
152972 3 -50.00 5869.50 0.0010 5.65 1041.00 4416.00 5867.50
152973 3 -50.00 5869.00 0.0010 4.90 1088.00 4377.00 5867.00
153113 3 -50.00 5673.50 0.0010 121.55 1497.00 3974.00 5672.50
153122 2 -50.00 2307.00 0.0010 9.77 1504.00 669.00 2301.50
153123 2 -50.00 2174.50 0.0010 9.79 1482.50 411.50 2169.50
153124 2 -50.00 2185.50 0.0010 7.15 1479.50 587.00 2180.50
153125 2 -50.00 2328.50 0.0010 8.64 1622.00 518.50 2323.50
153126 2 -50.00 2540.50 0.0010 3.60 1511.00 847.50 2535.00
153127 2 -50.00 3417.00 0.0010 7.29 1482.00 1362.50 3412.00
153128 2 -50.00 2867.50 0.0010 4.44 1521.00 1264.00 2862.50
153129 1 -50.00 1599.50 0.0010 13.75 nan nan 1595.00
153130 2 -50.00 2542.00 0.0010 6.93 1603.00 787.50 2537.00
153131 1 -50.00 1697.00 0.0010 7.49 1483.50 91.00 1692.50
153132 3 -50.00 4919.50 0.0010 5.79 1479.50 3329.50 4913.50
153133 3 -50.00 4504.50 0.0010 6.13 1493.50 2859.50 4499.50
153134 2 -50.00 2583.50 0.0010 4.80 1575.50 949.00 2577.50
153136 2 -50.00 2758.50 0.0010 8.19 1264.50 1394.50 2753.50
153137 2 -50.00 3156.00 0.0010 5.29 1304.50 1717.50 3151.00
153139 2 -50.00 3692.00 0.0010 4.43 1256.50 2329.50 3687.00
153141 3 -50.00 5432.00 0.0010 5.37 1310.00 4009.00 5427.00
153142 3 -50.00 4397.00 0.0010 6.99 1299.00 2834.50 4392.00
153143 3 -50.00 5949.00 0.0010 3.25 1298.50 4575.00 5944.50
153144 2 -50.00 2833.00 0.0010 3.86 1300.50 1385.00 2828.50
153145 2 -50.00 3679.00 0.0010 6.74 1297.00 2319.50 3674.00
153146 2 -50.00 3901.50 0.0010 7.66 1316.50 2504.50 3896.50
153148 1 -50.00 1798.00 0.0010 8.09 1277.50 350.00 1793.50
153262 3 -50.00 5299.00 0.0010 61.68 1026.00 3912.50 5297.50
153265 2 -50.00 3707.00 0.0010 5.93 1023.50 2494.00 3705.50
153334 3 -50.00 4447.50 0.0010 4.02 1505.00 2481.50 4445.50
153335 2 -50.00 2345.50 0.0010 5.08 1485.50 550.50 2342.50
153336 2 -50.00 2338.00 0.0010 65.33 1461.50 708.50 2337.00
153337 2 -50.00 2755.50 0.0010 77.11 1465.00 1175.00 2750.50
153338 3 -50.00 4321.00 0.0010 68.28 1494.00 2430.00 4319.00
153339 1 -50.00 1476.50 0.0010 60.51 nan nan 1473.50
153383 2 -50.00 3766.00 0.0010 8.43 1131.00 2529.00 3763.50
153384 2 -50.00 3741.00 0.0010 3.03 1037.50 2575.50 3740.00
153388 2 -50.00 3117.50 0.0010 3.49 1331.00 1609.50 3115.00
153391 2 -50.00 3525.50 0.0010 3.16 1053.00 2233.00 3524.00
153394 3 -50.00 4079.00 0.0010 3.14 1036.50 1914.50 4077.50
153395 2 -50.00 2880.50 0.0010 3.41 1031.50 1732.50 2879.50
153397 3 -50.00 4113.50 0.0010 3.51 1027.00 2440.50 4111.50
153400 3 -50.00 4206.00 0.0010 3.74 1031.50 2352.50 4204.50
153401 2 -50.00 3811.00 0.0010 3.39 1164.00 2056.50 3808.50
153416 1 -50.00 1737.00 0.0010 4.16 nan nan 1733.50
153420 1 -50.00 1639.50 0.0010 3.01 nan nan 1636.50
153438 3 -50.00 5303.00 0.0010 5.25 1535.00 3390.50 5302.50
153522 2 -50.00 3718.00 0.0010 17.90 1412.50 1987.50 3715.50
153523 3 -50.00 4639.00 0.0010 26.58 1545.00 2786.50 4636.00
153524 2 -50.00 3452.00 0.0010 31.91 1465.50 1718.50 3448.50
153525 2 -50.00 3486.00 0.0010 32.46 1393.00 1799.50 3482.50
153526 2 -50.00 2289.50 0.0010 25.88 1106.00 839.50 2286.00
153527 2 -50.00 2537.50 0.0010 26.64 1446.00 696.50 2534.50
153528 2 -50.00 2486.50 0.0010 26.71 1478.00 643.50 2484.00
153529 1 -50.00 1724.00 0.0010 31.01 1520.50 18.50 1720.00
153530 1 -50.00 1587.50 0.0010 14.43 1263.00 175.00 1585.00
153531 2 -50.00 3281.50 0.0010 6.83 1270.50 1707.00 3280.50
153532 2 -50.00 2386.00 0.0010 11.13 1285.50 694.00 2386.00
153575 4 -50.00 6015.00 0.0010 4.49 1173.50 4503.50 6013.00
153583 3 -50.00 4356.50 0.0010 5.18 205.50 3975.00 4354.50
153584 4 -50.00 6988.50 0.0010 7.42 1492.50 4790.00 6985.00
153585 4 -50.00 6602.00 0.0010 7.05 1345.50 5115.50 6598.00
153587 2 -50.00 3780.00 0.0010 9.87 962.50 2578.50 3777.50
153602 4 -50.00 6098.50 0.0010 10.95 1244.00 4746.00 6096.00
153603 2 -50.00 2842.50 0.0010 30.96 1258.00 1469.00 2839.00
153604 2 -50.00 3027.00 0.0010 32.05 1230.00 1493.50 3024.50
153605 2 -50.00 3548.00 0.0010 32.53 1494.50 1795.50 3545.50
153613 1 -50.00 822.00 0.0010 6.61 nan nan 819.50
153689 4 -50.00 6432.50 0.0010 16.73 337.00 5971.00 6429.00
153713 4 -50.00 7029.50 0.0010 32.28 1871.50 4680.50 7028.00
153714 4 -50.00 7064.00 0.0010 3.24 1797.00 4874.00 7062.00
153715 3 -50.00 4633.00 0.0010 4.09 1790.00 2727.00 4628.50
153777 2 -50.00 2356.00 0.0010 4.15 1064.50 1188.00 2353.50
153778 2 -50.00 3518.00 0.0010 4.72 1129.50 2288.50 3514.50
153781 1 -50.00 1745.50 0.0010 6.96 1074.50 576.00 1742.00
153782 2 -50.00 2132.00 0.0010 7.05 1067.00 983.50 2129.50
153783 3 -50.00 4672.00 0.0010 7.14 207.00 4341.00 4668.50
153784 2 -50.00 3440.00 0.0010 6.85 1073.00 2271.50 3437.00
153785 2 -50.00 3163.50 0.0010 6.71 204.00 2802.50 3161.50
153786 2 -50.00 2410.00 0.0010 6.49 1058.50 1259.50 2407.00
153787 2 -50.00 3792.00 0.0010 6.74 1175.00 2529.50 3789.00
153788 2 -50.00 2150.00 0.0010 9.65 1265.50 688.50 2146.50
153789 2 -50.00 2557.00 0.0010 11.22 1318.00 1144.00 2554.00
153790 2 -50.00 2215.00 0.0010 11.11 1183.00 689.00 2213.50
153792 2 -50.00 2113.00 0.0010 4.67 1090.50 948.00 2109.50
153794 2 -50.00 3072.00 0.0010 4.58 1068.50 1899.00 3069.00
153795 1 -50.00 1225.50 0.0010 5.27 1060.50 58.00 1222.50
153796 2 -50.00 2434.00 0.0010 7.76 208.00 2168.00 2431.50
153797 2 -50.00 2459.00 0.0010 6.25 1098.00 1243.00 2456.50
153798 2 -50.00 2114.50 0.0010 6.78 1108.00 854.50 2112.00
153799 2 -50.00 3427.50 0.0010 4.67 212.50 3099.00 3424.00
153870 2 -50.00 3670.50 0.0010 5.23 848.00 2733.50 3665.50
153874 2 -50.00 3880.50 0.0010 8.13 1829.50 1712.00 3876.50
153875 3 -50.00 4942.50 0.0010 9.45 768.00 3791.50 4938.00
153876 2 -50.00 3082.00 0.0010 9.33 817.50 2032.00 3079.50
153877 3 -50.00 4732.50 0.0010 10.02 771.00 3878.00 4729.00
153878 3 -50.00 5501.00 0.0010 10.74 791.50 4559.50 5497.00
153889 1 -50.00 1590.50 0.0010 21.93 1246.00 227.50 1579.50
153890 2 -50.00 2951.50 0.0010 38.43 1251.00 1559.00 2948.50
153892 3 -50.00 5742.00 0.0010 35.36 1271.50 4169.00 5739.00
153894 2 -50.00 2897.50 0.0010 48.90 1265.00 1540.00 2895.00
153895 2 -50.00 3343.00 0.0010 55.86 1266.00 1996.00 3340.50
153896 2 -50.00 3365.00 0.0010 44.41 1243.50 2033.50 3362.50
153897 3 -50.00 4149.50 0.0010 16.51 1236.00 2806.00 4146.50
153898 3 -50.00 4317.50 0.0010 32.38 1243.50 3004.50 4314.50
153899 3 -50.00 5873.00 0.0010 51.80 1266.50 4454.00 5870.50
153907 3 -50.00 4055.50 0.0010 6.99 1541.00 2362.00 4053.00
153908 3 -50.00 4345.50 0.0010 6.37 1501.50 2718.50 4342.50
153910 3 -50.00 4290.00 0.0010 7.00 1490.50 2589.00 4287.00
153912 3 -50.00 4291.00 0.0010 3.65 1476.00 2672.50 4288.50
153913 3 -50.00 4369.50 0.0010 3.26 1543.00 2724.00 4366.50
153914 3 -50.00 4023.50 0.0010 7.67 1509.00 2449.50 4021.00
153967 2 -50.00 3874.50 0.0010 27.22 1233.00 2510.00 3872.00
153968 2 -50.00 2719.50 0.0010 24.89 1279.50 1356.00 2716.50
153969 2 -50.00 2822.50 0.0010 24.38 1291.50 1106.00 2819.00
153970 2 -50.00 2578.50 0.0010 18.35 1237.50 1252.00 2575.00
153971 2 -50.00 3789.50 0.0010 25.30 1240.50 2378.50 3787.00
153972 2 -50.00 2918.00 0.0010 27.64 1233.50 859.00 2916.00
153973 3 -50.00 5465.00 0.0010 26.62 1235.50 3663.50 5461.50
153974 2 -50.00 3503.00 0.0010 27.14 1234.50 2198.00 3499.50
153975 2 -50.00 3278.00 0.0010 22.91 1248.00 1930.50 3275.50
153976 2 -50.00 2153.50 0.0010 27.36 1243.50 597.50 2151.00
154011 4 -50.00 5971.00 0.0010 5.30 1092.50 4669.00 5968.00
154036 4 -50.00 7791.00 0.0010 64.25 781.00 6356.50 7794.00
154056 3 -50.00 4188.00 0.0010 4.66 1364.00 2731.50 4185.50
154071 3 -50.00 5907.00 0.0010 12.71 1067.00 4763.00 5904.50
154072 2 -50.00 2971.00 0.0010 37.19 1399.50 1241.00 2967.00
154073 2 -50.00 2569.50 0.0010 35.93 1401.50 696.00 2567.00
154074 2 -50.00 2763.50 0.0010 36.54 1390.50 1034.00 2759.50
154075 3 -50.00 5848.50 0.0010 11.33 1419.00 3988.00 5845.00
154076 3 -50.00 5363.00 0.0010 42.58 1394.50 3879.00 5359.50
154077 2 -50.00 2692.00 0.0010 37.85 1403.50 876.00 2688.50
154078 2 -50.00 2347.00 0.0010 40.91 1430.50 441.50 2344.00
154080 3 -50.00 4786.00 0.0010 6.42 1388.00 2843.50 4784.00
154086 2 -50.00 2092.00 0.0010 39.76 1398.50 401.50 2089.00
154087 2 -50.00 2080.50 0.0010 48.63 1390.00 454.50 2077.00
154088 2 -50.00 2489.50 0.0010 27.55 1401.00 628.50 2486.00
154089 2 -50.00 2151.00 0.0010 42.71 1479.00 258.00 2147.50
154090 2 -50.00 2421.00 0.0010 37.36 1402.50 653.00 2417.50
154091 2 -50.00 2264.00 0.0010 50.91 1410.00 793.50 2260.50
154093 2 -50.00 2184.50 0.0010 32.64 1470.00 285.50 2181.00
154094 2 -50.00 2756.00 0.0010 33.99 1411.50 1183.00 2752.00
154095 2 -50.00 2578.00 0.0010 36.32 1473.50 961.00 2574.50
154096 3 -50.00 3968.50 0.0010 16.33 1392.00 2050.50 3965.50
154097 2 -50.00 2533.00 0.0010 35.83 1461.00 725.00 2529.50
154098 2 -50.00 2521.50 0.0010 35.95 1474.00 631.00 2519.00
154108 2 -50.00 2433.00 0.0010 4.02 1395.00 380.00 2432.00
154109 2 -50.00 2450.00 0.0010 7.62 1492.50 389.00 2446.50
154111 2 -50.00 3570.50 0.0010 11.25 1467.50 1755.00 3567.50
154112 4 -50.00 6249.00 0.0010 11.62 1453.00 3951.00 6247.50
154113 2 -50.00 3363.50 0.0010 24.10 1448.50 1691.50 3360.00
154114 2 -50.00 2244.00 0.0010 28.84 1399.50 511.00 2241.50
154115 2 -50.00 2111.00 0.0010 29.96 1500.00 417.00 2108.00
154120 3 -50.00 5086.00 0.0010 17.59 1069.00 3844.50 5083.00
154121 3 -50.00 5093.50 0.0010 19.24 1047.00 3913.50 5091.50
154367 3 -50.00 5759.00 0.0010 21.62 747.00 4226.00 5759.00
154379 3 -50.00 5564.50 0.0010 5.54 756.00 4238.50 5564.00
154386 4 -50.00 7059.50 0.0010 4.16 2394.50 4547.50 7059.00
154413 3 -50.00 5091.50 0.0010 9.67 545.00 3901.50 5091.00
154420 3 -50.00 4861.50 0.0010 17.62 654.50 3799.00 4861.00
154467 2 -50.00 3018.50 0.0010 15.31 1372.50 1332.50 3017.00
154468 1 -50.00 1690.00 0.0010 27.05 nan nan 1686.00
154469 1 -50.00 1909.00 0.0010 18.11 nan nan 1906.00
154470 1 -50.00 1795.50 0.0010 13.24 nan nan 1792.00
154471 2 -50.00 2014.00 0.0010 19.54 nan nan 2011.50
154472 1 -50.00 1743.50 0.0010 13.15 nan nan 1736.00
154473 1 -50.00 1943.00 0.0010 17.53 nan nan 1939.50
154474 1 -50.00 1918.50 0.0010 16.33 nan nan 1916.50
154475 1 -50.00 1937.00 0.0010 16.43 nan nan 1935.00
154476 1 -50.00 1931.50 0.0010 16.70 nan nan 1930.00
154479 1 -50.00 1471.00 0.0010 14.87 nan nan 1467.50
154480 2 -50.00 1987.00 0.0010 10.36 nan nan 1984.50
154482 2 -50.00 2990.50 0.0010 7.81 206.00 2515.00 2989.50
154483 1 -50.00 1233.50 0.0010 9.52 nan nan 1231.00
154484 1 -50.00 1475.50 0.0010 11.10 nan nan 1474.00
154485 2 -50.00 2822.50 0.0010 8.36 1976.00 665.50 2821.00
154512 4 -50.00 6460.00 0.0010 6.95 1470.00 4479.00 6459.50
154513 4 -50.00 6210.50 0.0010 6.41 1410.50 4539.00 6180.50
154514 4 -50.00 6194.50 0.0010 6.43 1419.50 4487.50 6192.00
154515 4 -50.00 6441.50 0.0010 7.60 1454.00 4429.50 6440.50
154517 1 -50.00 1791.50 0.0010 12.62 1447.00 177.00 1790.00
154519 3 -50.00 4448.00 0.0010 3.95 1440.50 2874.50 4440.50
154520 4 -50.00 6223.50 0.0010 6.54 1416.00 4540.00 6219.50
154521 4 -50.00 6515.00 0.0010 8.14 1400.50 4482.50 6513.50
154522 4 -50.00 6238.00 0.0010 5.27 1412.50 4397.00 6236.50
154524 4 -50.00 6116.00 0.0010 4.68 1411.00 4540.50 6116.00
154526 3 -50.00 5929.50 0.0010 6.20 1433.00 4345.50 5888.00
154528 3 -50.00 5605.50 0.0010 6.14 1451.50 3863.50 5605.50
154529 2 -50.00 2331.00 0.0010 3.14 2005.00 240.50 2325.00
154530 2 -50.00 3456.00 0.0010 3.91 1767.50 1541.50 3455.00
154664 4 -50.00 7043.50 0.0010 12.61 1599.00 3368.50 7043.00
154669 4 -50.00 7048.50 0.0010 8.89 796.00 3941.00 7047.50
154673 4 -50.00 7038.50 0.0010 11.12 814.50 4169.50 7037.50
154676 4 -50.00 7040.50 0.0010 9.19 775.00 4153.00 7040.00
154722 4 -50.00 7047.00 0.0010 3.47 1303.00 4332.00 7046.00
154832 4 -50.00 6212.50 0.0010 5.55 765.00 5180.00 6200.00
154838 3 -50.00 4945.50 0.0010 30.47 812.50 4063.00 4940.00
154839 4 -50.00 5999.00 0.0010 12.43 831.50 4979.00 5995.00
154840 3 -50.00 5333.00 0.0010 8.78 782.50 4442.00 5328.00
154841 2 -50.00 3748.50 0.0010 29.78 821.00 2845.00 3745.00
154843 3 -50.00 4368.50 0.0010 9.10 804.00 3472.00 4365.00
154844 3 -50.00 4603.50 0.0010 36.65 794.50 3714.00 4599.00
154846 3 -50.00 5815.00 0.0010 36.88 787.50 4911.50 5811.00
154847 3 -50.00 4450.50 0.0010 19.47 788.00 3338.50 4446.50
154848 2 -50.00 3872.50 0.0010 38.08 760.00 3040.00 3868.50
154850 3 -50.00 5559.50 0.0010 35.19 763.50 4551.00 5556.00
154851 2 -50.00 2858.00 0.0010 16.36 757.50 2002.00 2854.50
154852 3 -50.00 4640.50 0.0010 31.98 777.00 3797.50 4636.00
154853 3 -50.00 4758.50 0.0010 36.50 759.00 3853.50 4755.00
154854 3 -50.00 4307.50 0.0010 11.19 770.00 3342.50 4303.50
154855 2 -50.00 3197.00 0.0010 35.75 795.00 2332.50 3194.00
154856 3 -50.00 4754.00 0.0010 27.85 844.00 3773.00 4750.00
154857 3 -50.00 5701.00 0.0010 36.93 1675.00 3893.50 5696.00
154920 4 -50.00 6457.50 0.0010 3.55 1412.50 4482.50 6456.00
154969 1 -50.00 1447.00 0.0010 5.93 nan nan 1445.00
154970 1 -50.00 1681.00 0.0010 5.64 nan nan 1678.00
154972 2 -50.00 3170.00 0.0010 6.08 1697.50 1384.50 3166.00
154973 2 -50.00 2849.50 0.0010 4.91 1676.50 1015.50 2845.50
154974 1 -50.00 1783.50 0.0010 5.44 nan nan 1782.00
154975 2 -50.00 3205.00 0.0010 5.02 1683.50 1437.50 3200.50
154977 2 -50.00 3144.00 0.0010 5.98 1926.50 1117.00 3140.00
154978 2 -50.00 2766.00 0.0010 6.14 1705.00 694.50 2763.00
154979 3 -50.00 5781.50 0.0010 6.64 1679.00 3719.50 5781.00
154981 3 -50.00 5679.50 0.0010 6.37 1716.00 3712.00 5678.00
154983 3 -50.00 4542.00 0.0010 6.45 1707.50 2523.00 4538.00
154985 3 -50.00 5365.50 0.0010 6.63 1677.50 3365.50 5362.50
154986 3 -50.00 4445.00 0.0010 6.62 1744.00 2627.00 4441.00
154987 3 -50.00 4378.00 0.0010 6.60 1883.50 2395.50 4374.00
154988 3 -50.00 5234.50 0.0010 6.36 1789.00 3329.00 5230.50
154989 4 -50.00 6012.50 0.0010 6.49 1672.00 3802.00 6008.00
154990 3 -50.00 4093.00 0.0010 6.39 1691.00 2284.50 4089.50
154991 4 -50.00 6077.50 0.0010 4.59 1724.50 3670.50 6075.00
154992 4 -50.00 6079.00 0.0010 5.37 1675.00 3779.50 6074.50
154994 4 -50.00 6088.50 0.0010 6.29 1685.00 3782.50 6086.00
154995 4 -50.00 6086.00 0.0010 5.89 1854.00 3556.00 6084.50
154996 2 -50.00 3730.50 0.0010 6.23 1688.50 1954.50 3726.50
154997 3 -50.00 4229.50 0.0010 5.96 1804.00 2332.00 4225.50
155001 2 -50.00 2162.00 0.0010 47.24 328.50 1709.00 2161.00
155002 4 -50.00 7053.50 0.0010 19.51 332.00 6650.50 7052.00
155006 3 -50.00 4305.00 0.0010 10.10 594.00 3525.00 4304.00
155007 2 -50.00 2530.50 0.0010 40.30 326.50 2056.50 2529.00
155010 1 -50.00 1412.00 0.0010 16.55 972.00 315.50 1408.00
155012 3 -50.00 4080.00 0.0010 32.64 1098.50 2920.00 4077.50
155014 2 -50.00 2996.00 0.0010 40.95 1070.00 1776.50 2992.50
155015 2 -50.00 2824.00 0.0010 43.22 1147.50 1504.50 2821.50
155016 3 -50.00 4288.00 0.0010 30.08 1072.00 2878.50 4284.50
155017 3 -50.00 4198.00 0.0010 27.31 1096.00 2855.50 4194.50
155018 3 -50.00 4258.50 0.0010 21.85 1067.00 2879.50 4254.50
155019 3 -50.00 4442.50 0.0010 37.83 1062.50 2865.50 4440.50
155020 3 -50.00 4214.50 0.0010 32.79 1149.50 2788.00 4210.00
155021 2 -50.00 3771.00 0.0010 48.11 1086.00 2619.00 3768.50
155124 3 -50.00 5207.00 0.0010 30.64 207.50 4716.00 5205.00
155155 3 -50.00 5669.50 0.0010 15.56 1267.50 3685.50 5665.00
155187 2 -50.00 2751.00 0.0010 3.11 1434.50 956.00 2747.50
155188 2 -50.00 2714.50 0.0010 3.18 1454.50 728.50 2712.00
155193 3 -50.00 4140.00 0.0010 3.37 1453.50 2307.50 4136.50
155197 2 -50.00 3778.50 0.0010 3.53 1410.50 1914.50 3776.00
155202 2 -50.00 3395.50 0.0010 3.23 1654.50 1290.00 3392.00
155203 2 -50.00 3435.50 0.0010 3.53 1490.50 1425.00 3433.00
155205 2 -50.00 3416.50 0.0010 3.63 1393.00 1830.50 3413.50
155206 3 -50.00 5592.50 0.0010 4.23 1395.50 4071.00 5590.00
155210 3 -50.00 5670.00 0.0010 3.97 1457.50 3902.00 5668.50
155211 3 -50.00 5561.50 0.0010 3.65 1438.50 4031.00 5559.00
155214 3 -50.00 5684.50 0.0010 4.04 1481.00 3971.00 5684.00
155226 3 -50.00 4133.50 0.0010 26.03 360.50 3010.00 4133.00
155246 4 -50.00 6702.00 0.0010 9.49 570.50 5343.50 6701.50
155255 4 -50.00 6731.00 0.0010 19.53 859.50 5111.00 6731.50
155257 4 -50.00 6750.00 0.0010 22.30 512.00 5460.50 6750.00
155266 3 -50.00 5065.50 0.0010 5.07 1060.00 3816.50 5063.00
155267 2 -50.00 3422.00 0.0010 3.54 674.00 2121.50 3419.50
155268 3 -50.00 4069.00 0.0010 3.60 681.50 2709.00 4065.00
155269 3 -50.00 5446.00 0.0010 3.27 822.50 4135.50 5445.50
155387 3 -50.00 5703.50 0.0010 3.75 275.00 5210.00 5703.50
155588 3 -50.00 5540.50 0.0010 14.37 1516.50 3443.00 5538.50
155591 3 -50.00 5835.00 0.0010 14.37 1527.50 3367.00 5834.50
155594 3 -50.00 5573.00 0.0010 13.73 1450.50 3523.00 5571.50
155598 4 -50.00 7151.00 0.0010 23.94 1252.00 5558.50 7150.00
155603 3 -50.00 4200.00 0.0010 26.28 1197.00 2915.00 4197.00
155604 4 -50.00 7634.00 0.0010 23.58 1215.50 6233.00 7631.50
156486 4 -50.00 6751.00 0.0010 19.48 764.00 5656.00 6751.00
156487 4 -50.00 6752.00 0.0010 20.97 898.50 5521.50 6751.50
156488 4 -50.00 6742.00 0.0010 18.71 846.00 5594.50 6741.00
156489 4 -50.00 6385.00 0.0010 16.29 884.00 5323.50 6384.00
156490 4 -50.00 6737.00 0.0010 15.82 860.50 5588.50 6736.00
156635 1 -50.00 1056.00 0.0010 3.80 nan nan 1053.50
156637 3 -50.00 5330.00 0.0010 4.95 912.00 4026.00 5329.00
156639 1 -50.00 1047.00 0.0010 3.94 nan nan 1045.00
156641 3 -50.00 5404.50 0.0010 6.07 201.50 4765.50 5404.50
156652 3 -50.00 5083.50 0.0010 4.02 901.50 4043.00 5082.00
156658 2 -50.00 2898.50 0.0010 4.68 883.50 1930.00 2896.00
156667 3 -50.00 4056.50 0.0010 38.50 1137.00 2711.50 4055.50
156670 2 -50.00 3086.00 0.0010 3.62 1044.50 1945.50 3082.50
156723 5 -50.00 8075.50 0.0010 3.43 1215.50 6235.00 8074.50
156724 5 -50.00 8066.00 0.0010 3.52 1207.00 6244.00 8064.00
156726 5 -50.00 8066.50 0.0010 3.73 208.50 7175.00 8066.00
156727 5 -50.00 8174.50 0.0010 4.09 204.50 7268.50 8173.00
156728 4 -50.00 7484.00 0.0010 4.90 1183.00 6225.50 7480.50
156729 5 -50.00 8051.50 0.0010 4.76 1263.50 6093.50 8050.50
156734 3 -50.00 5825.00 0.0010 5.02 1197.00 4533.50 5822.00
156736 4 -50.00 7601.00 0.0010 5.50 1188.00 6214.00 7598.50
156738 4 -50.00 6865.00 0.0010 5.36 1201.50 5571.00 6861.50
156739 3 -50.00 5675.50 0.0010 5.28 210.50 5319.00 5673.00
156742 4 -50.00 7613.50 0.0010 4.59 1200.00 6180.50 7611.00
156745 4 -50.00 6627.50 0.0010 5.14 1181.50 5372.00 6623.50
156746 4 -50.00 7106.00 0.0010 4.57 1206.00 5812.50 7102.50
156747 3 -50.00 5354.00 0.0010 5.34 209.00 5013.50 5351.00
156748 4 -50.00 6991.50 0.0010 5.33 1258.50 5441.50 6988.00
156766 4 -50.00 7250.50 0.0010 5.22 483.00 6427.50 7248.00
156768 4 -50.00 7241.50 0.0010 4.43 2505.00 4452.00 7239.00
156769 4 -50.00 7157.50 0.0010 7.33 2558.50 4313.00 7135.00
156770 4 -50.00 7074.00 0.0010 3.14 477.50 6322.00 7072.50
156778 4 -50.00 7286.00 0.0010 3.28 1249.50 4692.00 7283.50
156787 1 -50.00 1651.00 0.0010 14.93 nan nan 1648.00
156788 1 -50.00 1926.50 0.0010 14.57 932.00 839.50 1924.50
156790 3 -50.00 5036.00 0.0010 9.36 886.00 3483.50 5034.50
156791 2 -50.00 3798.00 0.0010 16.22 920.00 2783.50 3793.00
156792 2 -50.00 3256.50 0.0010 17.40 768.50 1734.50 3253.50
156795 3 -50.00 4696.00 0.0010 14.48 932.00 3200.00 4693.00
156796 2 -50.00 3386.00 0.0010 12.11 nan nan 3383.00
156804 2 -50.00 2536.00 0.0010 10.54 1609.50 696.50 2535.50
156806 2 -50.00 2953.00 0.0010 14.75 205.50 2473.00 2951.00
156816 2 -50.00 3566.50 0.0010 3.36 787.50 2703.00 3562.00
156818 2 -50.00 2989.00 0.0010 12.74 843.50 2078.00 2984.50
156819 4 -50.00 6269.00 0.0010 14.42 832.00 5129.00 6266.00
156821 2 -50.00 2536.50 0.0010 7.70 773.50 1570.50 2533.50
156823 4 -50.00 6273.00 0.0010 26.23 805.00 4901.50 6265.00
156824 2 -50.00 2284.00 0.0010 5.32 779.00 1354.50 2280.00
156825 2 -50.00 3267.00 0.0010 21.68 770.50 2374.50 3262.50
156826 4 -50.00 6095.50 0.0010 7.52 772.50 5137.00 6090.50
156827 3 -50.00 5074.00 0.0010 27.10 770.00 3953.00 5070.00
156828 2 -50.00 2936.50 0.0010 26.84 810.00 1946.50 2932.00
156829 2 -50.00 3278.50 0.0010 26.59 811.50 2406.50 3272.50
156900 2 -50.00 3722.00 0.0010 14.05 1185.00 2452.50 3718.50
156901 4 -50.00 6036.50 0.0010 9.62 1249.50 4664.50 6034.00
156902 2 -50.00 3270.50 0.0010 13.58 1191.00 1955.00 3267.00
156905 4 -50.00 7404.50 0.0010 3.87 1260.50 6033.50 7402.00
156906 4 -50.00 6312.50 0.0010 5.94 1295.00 4913.50 6309.00
156908 4 -50.00 7320.50 0.0010 3.62 1242.00 5984.00 7317.50
156910 3 -50.00 5679.00 0.0010 6.67 1203.00 4313.00 5676.50
157092 3 -50.00 5213.50 0.0010 17.40 925.00 4030.00 5211.50
157107 3 -50.00 4511.50 0.0010 3.23 893.50 3482.50 4508.00
157139 2 -50.00 3394.50 0.0010 9.24 1038.00 2264.00 3391.00
157141 3 -50.00 5219.50 0.0010 12.23 907.50 4059.50 5218.00
157142 3 -50.00 5516.50 0.0010 13.71 875.50 4076.00 5516.00
157165 1 -50.00 1571.50 0.0010 16.55 nan nan 1566.50
157166 1 -50.00 1587.50 0.0010 15.96 nan nan 1583.50
157167 1 -50.00 1616.00 0.0010 15.70 1475.00 63.50 1612.50
157168 3 -50.00 5743.50 0.0010 17.52 1425.00 4003.00 5740.50
157170 2 -50.00 3233.50 0.0010 23.95 1478.50 1396.00 3230.00
157171 2 -50.00 3045.00 0.0010 23.11 1441.00 1262.00 3042.50
157187 2 -50.00 2139.50 0.0010 3.69 866.50 1045.00 2136.50
157190 3 -50.00 4723.00 0.0010 5.36 860.50 3769.50 4720.50
157191 3 -50.00 4454.00 0.0010 5.36 201.50 4124.50 4451.50
157240 3 -50.00 4319.00 0.0010 4.70 1082.50 2988.00 4316.50
157242 3 -50.00 5481.50 0.0010 7.85 1122.50 3792.50 5478.00
157282 4 -50.00 7325.50 0.0010 3.46 1125.50 5630.50 7324.50
157297 3 -50.00 5942.00 0.0010 76.56 800.00 4951.50 5938.00
157299 3 -50.00 4723.50 0.0010 3.38 784.50 3778.50 4719.50
157380 2 -50.00 3136.50 0.0010 21.29 834.50 2240.00 3132.00
157383 2 -50.00 2712.00 0.0010 6.54 765.50 1603.50 2710.00
157384 2 -50.00 3186.50 0.0010 19.81 796.50 2285.50 3183.50
157385 2 -50.00 3140.00 0.0010 15.80 777.00 2072.00 3136.50
157386 2 -50.00 3337.50 0.0010 5.20 782.50 2233.00 3334.50
157388 1 -50.00 1784.50 0.0010 17.53 771.50 880.50 1781.50
157419 3 -50.00 5879.00 0.0010 7.59 811.50 4970.50 5875.50
157421 3 -50.00 5683.50 0.0010 8.27 791.50 4620.00 5679.50
157422 3 -50.00 5423.00 0.0010 10.64 768.50 4565.50 5419.00
157423 4 -50.00 6048.00 0.0010 3.03 815.50 5142.50 6044.00
157425 3 -50.00 4731.50 0.0010 10.78 799.00 3769.00 4726.50
157426 3 -50.00 4930.00 0.0010 10.37 853.50 3963.50 4925.50
157427 3 -50.00 4940.50 0.0010 11.52 792.00 4074.50 4937.00
157539 3 -50.00 5431.50 0.0010 6.61 823.00 4549.50 5426.00
157541 3 -50.00 5746.50 0.0010 12.76 815.00 4811.00 5742.50
157543 3 -50.00 5709.00 0.0010 13.22 837.00 4751.50 5704.50
157544 2 -50.00 2629.50 0.0010 14.43 792.50 1616.00 2627.00
157546 3 -50.00 5324.00 0.0010 15.34 768.50 4324.50 5319.00
157701 2 -50.00 2169.50 0.0010 8.65 1037.00 991.50 2168.00
157702 3 -50.00 4474.50 0.0010 11.61 869.50 3105.50 4474.00
157703 2 -50.00 3046.00 0.0010 49.87 822.50 2127.00 3043.50
157711 3 -50.00 4552.50 0.0010 40.06 1000.00 2960.00 4551.50
157712 3 -50.00 4584.50 0.0010 12.22 1538.50 2415.00 4583.50
157722 1 -50.00 778.50 0.0010 4.49 nan nan 779.50
157778 1 -50.00 1346.00 0.0010 3.01 852.50 338.50 1342.50
157779 1 -50.00 1936.00 0.0010 3.03 1068.00 788.50 1931.00
157803 3 -50.00 5318.00 0.0010 5.16 1278.50 3938.00 5314.00
157820 3 -50.00 4706.00 0.0010 57.55 1429.50 2959.00 4703.00
157821 3 -50.00 5030.50 0.0010 37.91 1406.00 3509.00 5028.00
157822 2 -50.00 2811.00 0.0010 4.39 1509.00 987.00 2807.00
157823 3 -50.00 5836.50 0.0010 4.86 1495.50 4054.00 5836.50
157825 2 -50.00 3810.00 0.0010 3.92 1483.00 1972.50 3807.00
157826 2 -50.00 2368.50 0.0010 3.78 1572.50 491.50 2365.00
157833 2 -50.00 2379.50 0.0010 4.09 1568.50 411.00 2376.00
157834 2 -50.00 2923.50 0.0010 4.13 1573.00 1062.00 2919.50
157836 4 -50.00 7062.50 0.0010 58.68 1474.50 4900.00 7062.50
157837 3 -50.00 4712.00 0.0010 60.04 1460.50 3145.00 4708.00
157838 3 -50.00 5495.50 0.0010 58.72 1457.00 3840.50 5490.50
157839 3 -50.00 5581.00 0.0010 58.43 1405.00 4098.50 5575.50
157840 2 -50.00 3804.00 0.0010 59.36 1459.50 2280.00 3800.00
157841 4 -50.00 7054.50 0.0010 57.44 1405.50 5076.00 7054.50
157842 3 -50.00 4222.00 0.0010 59.05 1541.00 2609.00 4218.00
157843 2 -50.00 2773.00 0.0010 58.76 1464.00 1196.00 2770.00
157973 4 -50.00 7033.50 0.0010 3.73 337.50 5612.00 7031.50
157977 4 -50.00 7034.50 0.0010 4.35 338.00 5483.50 7033.00
157979 4 -50.00 7036.00 0.0010 4.68 949.50 4984.00 7034.50
157980 4 -50.00 7033.50 0.0010 4.41 370.00 5502.50 7032.50
157981 4 -50.00 7035.00 0.0010 5.14 798.00 5198.00 7034.00
157982 4 -50.00 7034.00 0.0010 4.94 964.00 4986.50 7032.50
157984 4 -50.00 7028.50 0.0010 7.84 788.00 6158.00 7028.50
157986 4 -50.00 7029.00 0.0010 5.99 1029.00 4756.50 7027.50
157995 4 -50.00 7055.50 0.0010 9.27 1751.00 4153.00 7054.00
157998 4 -50.00 7058.00 0.0010 11.00 340.00 5610.00 7056.50
157999 4 -50.00 7054.00 0.0010 9.23 1831.00 4125.50 7053.00
158000 4 -50.00 7071.50 0.0010 8.52 1683.00 4301.50 7070.00
158001 4 -50.00 7074.50 0.0010 17.00 1772.00 4171.50 7073.50
158003 4 -50.00 7055.50 0.0010 4.80 328.00 5646.50 7054.00
158004 4 -50.00 7068.50 0.0010 3.87 1546.50 4307.00 7067.00
158005 3 -50.00 5517.00 0.0010 6.97 344.50 4582.50 5513.50
158007 3 -50.00 4088.50 0.0010 7.12 nan nan 4085.00
158009 3 -50.00 5816.50 0.0010 6.78 3732.50 1979.00 5813.50
158010 3 -50.00 5882.50 0.0010 6.49 817.00 5000.50 5879.00
158014 2 -50.00 3512.00 0.0010 5.04 964.00 2375.00 3506.50
158015 3 -50.00 4189.50 0.0010 3.65 878.00 3250.50 4184.00
158034 3 -50.00 4371.00 0.0010 13.20 944.00 2810.50 4369.50
158071 4 -50.00 6670.50 0.0010 5.62 827.50 5143.00 6670.50
158073 4 -50.00 6498.00 0.0010 10.88 783.00 5141.00 6496.50
158074 4 -50.00 6635.50 0.0010 8.94 785.50 5131.00 6633.00
158075 4 -50.00 6626.50 0.0010 10.92 779.50 5149.00 6621.50
158077 4 -50.00 6575.50 0.0010 10.92 846.50 5101.00 6574.00
158079 3 -50.00 5684.50 0.0010 6.80 794.50 4824.00 5678.00
158080 4 -50.00 6598.00 0.0010 7.47 772.50 5164.00 6597.00
158081 4 -50.00 6388.00 0.0010 8.17 778.50 5146.50 6374.00
158082 4 -50.00 6582.00 0.0010 9.35 783.00 5181.00 6580.50
158083 4 -50.00 6572.00 0.0010 8.60 786.50 5184.50 6571.00
158084 4 -50.00 6405.50 0.0010 10.39 841.00 5075.00 6364.00
158089 4 -50.00 6286.00 0.0010 6.50 804.00 5036.50 6266.50
158098 3 -50.00 5805.50 0.0010 5.92 810.50 4883.00 5802.00
158099 4 -50.00 6439.00 0.0010 9.82 770.50 4959.00 6439.00
158100 4 -50.00 6490.50 0.0010 8.38 818.50 4987.00 6488.00
158101 4 -50.00 6292.50 0.0010 7.86 772.00 5235.00 6252.50
158102 3 -50.00 5639.50 0.0010 12.89 796.00 4633.00 5633.50
158103 4 -50.00 6309.00 0.0010 7.75 833.00 4864.50 6309.50
158105 4 -50.00 6547.50 0.0010 8.02 755.00 5026.00 6546.00
158107 4 -50.00 6366.00 0.0010 9.03 761.50 5069.00 6331.50
158112 4 -50.00 6442.50 0.0010 10.54 820.00 4790.00 6442.00
158113 3 -50.00 5384.50 0.0010 11.58 798.00 4497.00 5380.50
158114 4 -50.00 6457.50 0.0010 10.05 765.00 5073.00 6457.50
158117 3 -50.00 4964.50 0.0010 4.62 841.00 4049.50 4959.00
158118 3 -50.00 4968.50 0.0010 4.66 826.50 4064.00 4965.50
158378 2 -50.00 2447.50 0.0010 9.02 1163.50 1179.00 2444.50
158382 2 -50.00 2999.50 0.0010 6.87 1061.50 1870.00 2997.00
158383 3 -50.00 4144.00 0.0010 7.73 1250.00 2825.00 4141.50
158384 2 -50.00 2797.50 0.0010 12.75 1120.50 1500.50 2793.50
158387 2 -50.00 2689.50 0.0010 9.98 1039.00 1360.00 2686.50
158389 3 -50.00 4413.50 0.0010 7.71 1115.00 3142.50 4410.00
158390 3 -50.00 4662.50 0.0010 8.55 1065.00 3531.00 4658.50
158488 3 -50.00 5024.50 0.0010 3.49 1093.00 3640.00 5002.00
158489 3 -50.00 5040.00 0.0010 3.20 1128.50 3621.00 5039.50
158870 1 -50.00 1210.00 0.0010 11.48 nan nan 1208.50
158893 1 -50.00 1873.00 0.0010 3.91 nan nan 1870.50
158928 2 -50.00 3787.50 0.0010 8.13 682.50 3019.50 3785.00
158930 3 -50.00 4148.00 0.0010 11.61 724.00 3284.50 4145.50
158931 3 -50.00 4028.00 0.0010 7.71 684.50 3166.50 4026.00
158932 3 -50.00 4577.00 0.0010 11.51 670.50 3734.50 4575.00
158935 3 -50.00 4368.50 0.0010 9.44 678.00 3625.00 4366.00
158937 3 -50.00 4133.50 0.0010 10.53 674.50 3335.50 4131.00
158938 3 -50.00 4616.50 0.0010 11.09 668.50 3842.00 4614.50
158941 3 -50.00 4035.00 0.0010 7.08 714.50 3076.00 4033.50
159000 3 -50.00 5285.50 0.0010 3.18 968.50 3921.00 5284.50
159022 4 -50.00 7015.00 0.0010 3.68 564.50 5785.50 7013.50
159023 4 -50.00 7017.00 0.0010 3.76 558.50 5663.50 7015.50
159025 4 -50.00 6026.50 0.0010 3.20 1270.50 4320.50 6021.50
159031 3 -50.00 4097.00 0.0010 3.94 1278.00 1940.50 4094.00
159032 2 -50.00 3786.00 0.0010 4.06 1323.50 2275.50 3785.00
159153 2 -50.00 3183.50 0.0010 13.34 1430.50 1425.50 3181.00
159154 1 -50.00 1624.00 0.0010 8.22 nan nan 1620.00
159155 2 -50.00 3292.00 0.0010 13.96 1459.50 1511.00 3289.50
159156 2 -50.00 3647.00 0.0010 13.51 1464.00 2046.00 3643.50
159157 2 -50.00 3115.00 0.0010 14.23 1500.00 1403.50 3112.00
159186 2 -50.00 3891.50 0.0010 7.05 1056.50 2729.50 3887.00
159195 3 -50.00 5883.00 0.0010 10.41 213.50 5536.00 5880.50
159196 4 -50.00 6050.00 0.0010 3.83 1059.50 4805.00 6048.50
159203 3 -50.00 5937.00 0.0010 7.45 274.00 5276.50 5935.50
159206 3 -50.00 4884.00 0.0010 6.00 304.50 4439.00 4884.00
159209 3 -50.00 5713.00 0.0010 5.85 273.50 4619.00 5712.50
159212 3 -50.00 5775.50 0.0010 4.08 1732.00 3205.00 5776.50
159213 3 -50.00 5088.50 0.0010 4.76 1693.00 3200.50 5088.50
159214 4 -50.00 7038.50 0.0010 3.92 279.50 4973.50 7037.50
159215 3 -50.00 4573.50 0.0010 4.45 277.50 4079.00 4572.50
159216 3 -50.00 5415.50 0.0010 3.76 1683.00 2763.50 5414.50
159217 3 -50.00 5734.00 0.0010 3.73 1684.00 3531.50 5733.00
159218 3 -50.00 5766.00 0.0010 4.09 1764.00 3514.50 5766.50
159220 3 -50.00 5682.00 0.0010 3.64 267.00 5030.00 5682.00
159221 3 -50.00 5685.50 0.0010 3.66 1675.00 3511.50 5684.50
159223 3 -50.00 5737.50 0.0010 4.45 271.50 4950.00 5736.50
159224 3 -50.00 5751.50 0.0010 4.09 2561.00 2703.50 5750.00
159225 3 -50.00 5790.00 0.0010 3.77 303.50 4778.50 5790.00
159226 3 -50.00 5736.00 0.0010 3.90 271.00 5016.00 5736.50
159228 4 -50.00 7043.50 0.0010 8.36 1852.50 5121.50 7042.00
159230 4 -50.00 7036.50 0.0010 7.64 1785.00 2582.50 7036.00
159247 3 -50.00 4357.00 0.0010 3.98 675.00 3328.50 4356.00
159252 3 -50.00 4366.00 0.0010 3.24 687.50 3314.00 4364.50
159259 3 -50.00 4385.50 0.0010 3.02 728.50 3200.00 4385.00
159266 4 -50.00 6476.50 0.0010 10.47 569.00 3438.00 6477.00
159328 4 -50.00 6442.00 0.0010 3.05 768.00 5070.50 6442.00
159356 3 -50.00 4329.50 0.0010 4.11 782.00 3470.00 4326.50
159368 3 -50.00 5796.50 0.0010 3.63 1507.00 3435.00 5794.50
159369 1 -50.00 1629.50 0.0010 4.14 nan nan 1625.50
159370 3 -50.00 5710.50 0.0010 5.06 1513.50 3331.50 5708.50
159373 2 -50.00 3837.50 0.0010 24.75 1628.00 1853.00 3833.00
159374 1 -50.00 1139.50 0.0010 16.06 nan nan 1137.00
159378 2 -50.00 3880.50 0.0010 27.06 1418.50 2005.00 3876.50
159380 2 -50.00 3758.00 0.0010 26.31 1441.50 1937.00 3755.00
159381 3 -50.00 4297.50 0.0010 26.99 1476.00 2655.50 4294.00
159382 3 -50.00 3986.50 0.0010 13.52 1430.00 2422.00 3983.00
159383 2 -50.00 3872.50 0.0010 27.33 1406.50 2263.00 3869.50
159384 2 -50.00 3502.00 0.0010 30.46 834.00 2550.50 3498.50
159405 2 -50.00 3653.00 0.0010 15.64 1085.50 2456.00 3649.50
159409 2 -50.00 3144.00 0.0010 4.14 1201.50 1866.00 3139.50
159410 2 -50.00 3127.00 0.0010 4.85 1262.50 1778.50 3123.50
159411 2 -50.00 2726.50 0.0010 4.14 1334.00 1274.00 2723.00
159412 2 -50.00 2585.50 0.0010 4.77 1382.00 776.50 2581.50
159418 4 -50.00 6110.00 0.0010 4.56 1123.00 4905.00 6107.50
159419 4 -50.00 6292.00 0.0010 4.57 1106.50 5105.00 6289.50
159420 2 -50.00 2810.00 0.0010 4.43 1051.50 1617.50 2808.00
159421 4 -50.00 7075.50 0.0010 4.66 1075.00 5346.50 7075.00
159422 4 -50.00 7276.00 0.0010 4.77 1092.50 5346.50 7276.00
159424 3 -50.00 5257.50 0.0010 4.68 1053.50 4114.00 5254.50
159425 2 -50.00 2695.50 0.0010 4.56 1086.50 1267.50 2692.00
159426 4 -50.00 6073.50 0.0010 4.44 1110.50 4780.00 6070.50
159427 2 -50.00 2557.00 0.0010 4.75 1049.50 1217.50 2553.00
159428 2 -50.00 2405.00 0.0010 4.46 1053.50 1284.00 2402.50
159429 4 -50.00 6543.50 0.0010 5.00 1050.00 5359.00 6540.00
159430 2 -50.00 2649.00 0.0010 6.05 1147.00 1298.50 2645.50
159431 2 -50.00 2642.00 0.0010 5.47 1169.00 1350.50 2638.50
159433 2 -50.00 2715.00 0.0010 5.09 1143.50 1462.50 2711.50
159434 4 -50.00 6007.50 0.0010 5.02 1184.50 4655.00 6005.00
159435 4 -50.00 6498.50 0.0010 4.90 1153.50 5243.50 6495.00
159436 4 -50.00 6561.50 0.0010 5.12 1250.50 5193.50 6559.50
159466 3 -50.00 4555.00 0.0010 16.81 991.00 2952.00 4555.00
159481 2 -50.00 2628.50 0.0010 3.89 1323.50 1156.00 2624.00
159483 2 -50.00 2015.00 0.0010 3.60 1267.50 570.00 2010.50
159484 2 -50.00 2015.00 0.0010 3.37 971.50 924.00 2011.00
159485 2 -50.00 2015.00 0.0010 3.66 972.00 949.50 2007.50
159486 2 -50.00 2014.50 0.0010 3.95 1450.50 488.00 2007.50
159487 2 -50.00 2015.00 0.0010 3.14 1283.00 589.50 2009.50
159488 2 -50.00 2016.00 0.0010 3.11 1279.50 644.00 2008.00
159489 2 -50.00 2014.50 0.0010 3.14 1276.00 608.00 2009.00
159490 2 -50.00 2015.00 0.0010 3.46 1332.50 564.00 2010.00
159491 2 -50.00 2014.50 0.0010 3.17 1294.00 638.50 2010.00
159502 2 -50.00 2014.50 0.0010 3.22 1282.00 655.00 2010.50
159504 2 -50.00 2014.50 0.0010 3.04 1256.50 682.50 2008.00
159550 2 -50.00 2725.50 0.0010 16.97 1226.00 1391.50 2722.00
159553 3 -50.00 4960.50 0.0010 3.62 1449.50 2793.00 4960.00
159567 1 -50.00 1533.00 0.0010 9.93 nan nan 1530.50
159568 2 -50.00 2450.00 0.0010 4.63 1585.50 388.00 2449.00
159570 1 -50.00 1462.00 0.0010 10.61 nan nan 1458.50
159586 3 -50.00 4319.50 0.0010 6.58 1547.50 2320.00 4318.50
159587 2 -50.00 3810.50 0.0010 3.76 1531.00 1752.00 3809.50
159590 3 -50.00 5474.50 0.0010 3.19 201.50 4695.50 5473.00
159593 3 -50.00 4270.50 0.0010 10.06 1512.50 2665.00 4268.00
159610 2 -50.00 2737.00 0.0010 19.97 1577.00 685.50 2734.50
159612 2 -50.00 3498.50 0.0010 22.22 1539.00 1513.50 3495.50
159615 2 -50.00 2799.50 0.0010 24.17 1391.00 892.50 2796.00
159616 2 -50.00 3315.50 0.0010 24.61 1547.00 1369.00 3312.50
159617 2 -50.00 3412.00 0.0010 18.35 1394.50 1660.50 3409.00
159618 2 -50.00 3441.50 0.0010 21.05 1391.50 1464.00 3439.50
159619 2 -50.00 3003.00 0.0010 22.98 1439.50 1021.50 3000.00
159620 1 -50.00 1795.00 0.0010 19.24 nan nan 1789.50
159622 2 -50.00 3013.50 0.0010 6.19 1428.00 1283.50 3011.50
159633 4 -50.00 6355.00 0.0010 4.32 1084.50 4765.00 6333.50
160108 2 -50.00 2837.50 0.0010 4.46 1456.00 913.50 2803.50
160121 2 -50.00 3164.50 0.0010 4.08 1508.00 1276.00 3163.00
160129 2 -50.00 2395.50 0.0010 3.61 1453.00 621.50 2394.00
160130 4 -50.00 6144.00 0.0010 3.85 1466.00 4452.00 6142.00
160143 2 -50.00 2505.00 0.0010 3.49 1463.00 709.00 2504.50
160158 3 -50.00 4468.00 0.0010 3.40 1414.00 2845.00 4466.00
160170 3 -50.00 4813.50 0.0010 3.44 1395.50 3178.50 4810.00
160172 2 -50.00 3708.00 0.0010 3.19 1411.50 2019.50 3705.50
160187 3 -50.00 4594.50 0.0010 12.33 1420.00 3071.00 4590.50
160192 3 -50.00 4443.00 0.0010 33.84 1457.50 2895.00 4439.50
160193 3 -50.00 4068.00 0.0010 33.87 1420.50 2457.50 4063.00
160194 2 -50.00 3309.00 0.0010 34.20 1409.00 1751.00 3305.00
160195 2 -50.00 2861.50 0.0010 34.32 1423.00 1381.00 2857.50
160196 2 -50.00 3365.50 0.0010 19.97 1424.50 1866.50 3362.00
160197 3 -50.00 4242.50 0.0010 27.99 1427.00 2679.50 4238.00
160198 3 -50.00 4543.00 0.0010 31.98 1423.50 2869.00 4539.50
160199 3 -50.00 4076.00 0.0010 32.51 1444.00 2506.50 4072.00
160200 3 -50.00 3978.50 0.0010 15.65 1439.50 2422.50 3974.50
160201 2 -50.00 3922.00 0.0010 32.61 1457.50 2381.50 3918.00
160202 2 -50.00 3653.50 0.0010 33.08 1419.00 2172.00 3649.50
160203 2 -50.00 3869.00 0.0010 33.95 1518.00 2248.50 3864.00
160204 3 -50.00 4125.50 0.0010 32.99 1410.00 2489.00 4122.50
160205 2 -50.00 3824.50 0.0010 33.08 1422.00 2177.00 3820.50
160206 3 -50.00 4088.50 0.0010 32.04 1599.50 2405.00 4084.00
160207 2 -50.00 3495.50 0.0010 32.36 1455.50 1974.00 3491.00
160208 3 -50.00 4196.00 0.0010 27.69 1484.50 2621.00 4191.00
160209 3 -50.00 4226.00 0.0010 33.47 1430.00 2732.50 4222.00
160210 2 -50.00 3912.00 0.0010 33.74 1434.50 2376.50 3908.00
160211 2 -50.00 3015.00 0.0010 32.93 1439.50 1416.00 3011.00
160212 2 -50.00 3015.00 0.0010 33.82 1485.00 1294.50 3011.00
160213 2 -50.00 3015.50 0.0010 33.63 1420.00 1522.00 3012.00
160214 2 -50.00 3711.50 0.0010 34.21 1410.00 2231.50 3707.00
160215 2 -50.00 3544.00 0.0010 33.41 1482.00 1920.00 3539.50
160216 2 -50.00 3810.00 0.0010 33.93 1484.50 2209.00 3806.50
160217 2 -50.00 3881.00 0.0010 34.17 1432.50 2263.00 3877.00
160218 3 -50.00 4226.50 0.0010 33.87 1438.50 2678.50 4222.00
160219 2 -50.00 3778.50 0.0010 33.00 1491.00 2159.00 3774.50
160220 3 -50.00 4432.50 0.0010 32.71 1417.00 2917.50 4428.50
160221 2 -50.00 3367.50 0.0010 32.85 1421.50 1791.00 3363.50
160222 3 -50.00 4053.00 0.0010 32.93 1437.00 2495.00 4049.00
160223 3 -50.00 4103.00 0.0010 5.85 1417.00 2468.00 4099.00
160224 2 -50.00 2515.00 0.0010 32.24 1426.50 1003.00 2511.00
160226 2 -50.00 3746.00 0.0010 31.20 1416.00 2080.00 3742.00
160261 1 -50.00 1571.00 0.0010 3.09 1302.00 125.00 1568.00
160448 3 -50.00 4924.50 0.0010 5.69 1129.00 3575.00 4923.00
162544 3 -50.00 4871.50 0.0010 10.95 1418.00 3324.50 4868.50
162545 3 -50.00 5616.00 0.0010 11.62 1489.00 3737.50 5614.50
162720 4 -50.00 6089.00 0.0010 22.07 1222.50 4650.50 6087.00
162721 4 -50.00 6162.50 0.0010 24.25 1235.50 4611.50 6161.00
162726 3 -50.00 5555.50 0.0010 55.75 1206.00 4246.00 5552.00
162741 4 -50.00 6962.50 0.0010 3.05 1176.00 5581.00 6961.50
162776 4 -50.00 7080.50 0.0010 3.12 1094.00 5669.00 7079.00
162792 3 -50.00 4510.00 0.0010 9.39 707.50 3666.00 4509.00
162828 3 -50.00 5849.00 0.0010 23.38 1414.00 4213.00 5847.50
162829 3 -50.00 3974.00 0.0010 23.41 1419.50 2375.50 3968.00
162830 3 -50.00 5421.00 0.0010 32.98 1436.00 3884.50 5418.50
162831 3 -50.00 4340.00 0.0010 26.80 1481.50 2731.00 4335.00
162832 3 -50.00 4504.50 0.0010 40.49 1410.00 2807.50 4499.00
162833 1 -50.00 1483.50 0.0010 43.08 nan nan 1481.00
162834 3 -50.00 4376.50 0.0010 26.09 1419.50 2671.00 4371.50
162835 3 -50.00 4709.50 0.0010 40.43 1522.50 3119.50 4704.50
162836 3 -50.00 4377.00 0.0010 33.19 1458.50 2740.50 4371.50
162837 3 -50.00 5000.00 0.0010 43.98 1437.50 3492.00 4997.00
162838 2 -50.00 3752.50 0.0010 55.27 1424.50 2237.50 3747.00
162839 4 -50.00 5982.00 0.0010 21.27 1410.00 4056.00 5981.50
162840 2 -50.00 3011.00 0.0010 48.36 1454.50 1483.50 3006.00
162841 2 -50.00 3012.00 0.0010 51.78 1398.00 1539.00 3006.50
162842 2 -50.00 3012.50 0.0010 50.87 1412.50 1476.00 3007.50
162843 3 -50.00 4418.50 0.0010 41.60 1433.00 2717.50 4414.50
162844 2 -50.00 3011.00 0.0010 51.55 1413.00 1516.50 3005.00
162845 2 -50.00 3013.50 0.0010 51.26 1427.00 1514.00 3007.50
162975 2 -50.00 2151.00 0.0010 3.38 1017.00 1022.00 2148.50
162982 2 -50.00 2560.00 0.0010 3.94 975.50 1381.00 2557.00
162983 2 -50.00 3311.50 0.0010 4.08 967.50 2282.00 3307.00
162984 2 -50.00 3105.50 0.0010 3.72 1005.50 2038.00 3102.00
162985 2 -50.00 3210.50 0.0010 3.97 1066.50 2037.50 3208.00
162986 2 -50.00 3081.00 0.0010 4.03 976.50 1930.00 3078.00
162987 2 -50.00 3245.50 0.0010 4.05 992.00 2148.00 3242.50
162988 2 -50.00 2532.50 0.0010 4.31 1003.00 1240.00 2530.50
162990 3 -50.00 4990.00 0.0010 4.85 754.50 4155.50 4987.50
162991 2 -50.00 3617.00 0.0010 4.19 752.50 2777.00 3614.00
162992 2 -50.00 3719.50 0.0010 4.32 809.00 2709.00 3717.00
162993 2 -50.00 3596.00 0.0010 3.78 796.00 2727.00 3593.50
162994 2 -50.00 3499.50 0.0010 4.53 796.00 2626.50 3497.00
162995 3 -50.00 4443.00 0.0010 4.44 775.50 3569.00 4440.50
162998 3 -50.00 5426.00 0.0010 4.54 616.50 4724.50 5423.50
163006 2 -50.00 2633.00 0.0010 6.43 583.50 1990.50 2630.50
163075 2 -50.00 2889.50 0.0010 3.08 313.00 1303.50 2888.50
163076 2 -50.00 3210.50 0.0010 3.42 279.00 1670.00 3210.50
163143 4 -50.00 7371.50 0.0010 46.20 1116.50 5565.50 7371.50
163154 3 -50.00 4340.00 0.0010 49.12 668.00 3398.00 4339.00
163159 1 -50.00 698.00 0.0010 87.53 nan nan 695.50
163308 2 -50.00 2313.50 0.0010 6.69 583.50 1303.50 2311.50
163309 3 -50.00 4631.00 0.0010 7.00 606.00 3899.50 4628.50
163311 2 -50.00 3013.00 0.0010 8.11 606.00 2316.50 3011.50
163312 2 -50.00 3652.00 0.0010 7.59 617.00 2870.00 3649.00
163314 3 -50.00 4677.50 0.0010 8.78 601.50 3980.00 4675.50
163319 2 -50.00 2568.50 0.0010 7.96 618.00 1878.50 2566.50
163320 2 -50.00 2956.50 0.0010 7.92 622.00 2233.50 2955.00
163321 2 -50.00 2990.50 0.0010 7.27 651.50 2258.00 2988.50
163322 2 -50.00 3901.00 0.0010 8.11 604.50 3095.00 3898.50
163323 2 -50.00 2627.50 0.0010 8.13 665.00 1778.00 2626.00
163324 2 -50.00 2806.50 0.0010 7.95 615.00 1958.50 2804.50
163325 2 -50.00 3325.00 0.0010 7.74 598.00 2564.00 3322.50
163326 2 -50.00 3092.00 0.0010 5.94 599.00 2382.50 3090.00
163327 3 -50.00 4212.00 0.0010 7.58 672.50 3461.00 4209.50
163460 3 -50.00 5149.00 0.0010 9.18 942.00 4012.00 5146.50
163461 3 -50.00 5105.00 0.0010 7.03 891.00 4063.00 5100.00
163474 3 -50.00 5406.00 0.0010 33.38 866.50 4085.00 5405.50
163516 3 -50.00 5469.00 0.0010 56.33 1115.00 3736.00 5468.00
163522 3 -50.00 3974.50 0.0010 24.11 1032.50 2748.00 3972.00
163523 3 -50.00 5183.00 0.0010 8.81 1052.50 3908.50 5182.00
164299 4 -50.00 7123.00 0.0010 105.85 1001.00 5970.00 7119.50
164300 3 -50.00 4876.00 0.0010 131.14 993.00 3677.00 4873.00
164462 4 -50.00 6948.00 0.0010 60.91 1098.00 5557.00 6944.50
164469 2 -50.00 3870.00 0.0010 166.72 933.50 2304.00 3866.00
164471 2 -50.00 3868.00 0.0010 3.52 nan nan 3865.50
164472 2 -50.00 3321.50 0.0010 5.30 928.00 2066.00 3315.00
164474 2 -50.00 3228.00 0.0010 5.47 nan nan 3217.50
164491 3 -50.00 4814.00 0.0010 5.78 1060.50 3633.50 4812.00
164514 3 -50.00 4134.50 0.0010 14.61 776.00 962.50 4133.00
164516 3 -50.00 4200.00 0.0010 22.53 792.50 3242.00 4199.00
164538 3 -50.00 4037.00 0.0010 19.34 751.00 3177.00 4035.50
164550 3 -50.00 5726.00 0.0010 17.33 1755.50 3207.50 5724.00
164551 2 -50.00 3619.00 0.0010 37.03 1707.00 1691.00 3615.00
164553 2 -50.00 3811.00 0.0010 4.73 1682.50 1883.50 3807.00
164554 2 -50.00 2163.50 0.0010 4.92 1698.00 304.50 2161.00
164555 2 -50.00 3666.00 0.0010 5.29 1909.50 1648.00 3660.50
164557 2 -50.00 3774.50 0.0010 5.17 1651.00 2048.00 3769.50
164558 2 -50.00 3875.00 0.0010 5.24 1658.00 2075.50 3870.00
164560 3 -50.00 4551.00 0.0010 5.12 1706.00 2694.00 4546.00
164561 3 -50.00 5055.50 0.0010 5.07 1713.50 3186.50 5051.00
164562 2 -50.00 3649.00 0.0010 5.14 1647.50 1631.50 3644.50
164563 2 -50.00 3730.50 0.0010 4.93 1693.00 1924.00 3725.00
164630 4 -50.00 6561.50 0.0010 23.64 698.50 5274.00 6561.50
164631 4 -50.00 6566.50 0.0010 19.24 871.00 5070.00 6566.50
164632 4 -50.00 6564.50 0.0010 19.42 852.00 5083.00 6564.50
164633 4 -50.00 6563.00 0.0010 21.07 844.50 5105.00 6563.00
164634 4 -50.00 6563.50 0.0010 19.59 729.50 5217.50 6563.50
164635 4 -50.00 6553.00 0.0010 16.18 695.00 5277.50 6553.50
164636 4 -50.00 6549.00 0.0010 17.73 829.00 5103.50 6549.00
164637 4 -50.00 6565.00 0.0010 23.23 894.50 5023.00 6565.00
164638 4 -50.00 6560.00 0.0010 19.69 728.00 5240.00 6560.50
164639 4 -50.00 6562.00 0.0010 28.93 732.50 5182.00 6562.50
164640 4 -50.00 6565.50 0.0010 24.24 706.50 5265.00 6566.00
164641 4 -50.00 6561.50 0.0010 22.86 710.00 5240.00 6561.50
164643 4 -50.00 6563.00 0.0010 28.61 703.00 5232.00 6563.50
164667 2 -50.00 2746.50 0.0010 39.65 1712.50 856.50 2741.00
164668 3 -50.00 4424.00 0.0010 36.92 1766.50 2561.00 4419.00
164669 3 -50.00 3988.00 0.0010 40.40 1720.50 2018.00 3984.00
164670 2 -50.00 3572.00 0.0010 39.23 1653.00 1832.50 3567.00
164671 2 -50.00 3533.00 0.0010 39.96 1657.50 1700.00 3528.00
164672 2 -50.00 3589.00 0.0010 39.40 1697.50 1675.00 3584.00
164673 2 -50.00 3184.00 0.0010 40.19 1659.00 1384.50 3180.00
164674 3 -50.00 4382.50 0.0010 39.74 1690.50 2583.50 4377.00
164676 2 -50.00 3695.00 0.0010 41.19 1702.50 1926.00 3690.00
164677 3 -50.00 4879.50 0.0010 32.95 1645.00 3109.50 4875.50
164678 2 -50.00 3873.00 0.0010 41.32 1779.00 2018.00 3868.50
164679 2 -50.00 3660.50 0.0010 40.91 1660.00 1796.50 3655.50
164680 3 -50.00 4572.00 0.0010 42.53 1684.50 2814.00 4567.50
164682 3 -50.00 4672.50 0.0010 41.84 1662.50 2861.50 4668.00
164802 4 -50.00 6372.00 0.0010 5.31 1091.00 4872.00 6358.00
164803 3 -50.00 5861.00 0.0010 3.39 940.50 4856.50 5856.00
164804 4 -50.00 6290.00 0.0010 4.22 940.50 4968.50 6286.50
164805 4 -50.00 6142.50 0.0010 3.71 944.50 4994.50 6139.00
164807 4 -50.00 6499.00 0.0010 7.87 876.00 5090.50 6498.50
164808 4 -50.00 6875.00 0.0010 9.22 285.00 5688.00 6876.00
164810 4 -50.00 6868.50 0.0010 5.35 397.50 5541.00 6869.50
164833 4 -50.00 7039.00 0.0010 41.03 524.50 5364.50 7036.50
164838 4 -50.00 7039.00 0.0010 48.31 493.00 5384.50 7037.00
164842 4 -50.00 7041.50 0.0010 54.83 462.00 5486.50 7039.00
164849 3 -50.00 4580.50 0.0010 37.88 458.50 3904.50 4576.00
164850 4 -50.00 7034.00 0.0010 30.08 679.50 5905.50 7032.50
164869 3 -50.00 5324.50 0.0010 98.74 206.00 4633.50 5294.00
164871 3 -50.00 4360.00 0.0010 31.13 1028.00 3257.00 4356.00
164872 3 -50.00 4628.00 0.0010 33.18 898.00 3627.00 4624.00
164876 3 -50.00 5534.50 0.0010 228.71 982.50 3951.00 5534.50
164881 3 -50.00 5272.50 0.0010 91.69 877.50 4101.00 5271.00
164882 3 -50.00 5212.00 0.0010 24.53 878.50 4085.50 5209.50
164885 1 -50.00 654.00 0.0010 72.63 nan nan 655.50
164894 3 -50.00 5213.00 0.0010 50.13 985.00 3953.00 5211.50
164904 3 -50.00 5066.50 0.0010 21.45 1004.00 3944.00 5062.00
164905 3 -50.00 5314.00 0.0010 44.52 920.50 3976.50 5311.50
164906 3 -50.00 5159.50 0.0010 24.15 205.00 4614.50 5156.00
164914 4 -50.00 7037.50 0.0010 38.05 467.00 5489.50 7035.50
164915 4 -50.00 7037.00 0.0010 41.12 462.50 6516.50 7035.50
164916 4 -50.00 7035.00 0.0010 40.39 464.00 5467.50 7033.00
164917 4 -50.00 7034.50 0.0010 39.12 465.00 5407.50 7032.50
164918 4 -50.00 7034.50 0.0010 33.05 1546.00 5015.50 7032.50
164919 4 -50.00 7033.50 0.0010 33.65 1481.00 4479.00 7030.50
164920 4 -50.00 7038.00 0.0010 29.61 471.00 5964.50 7036.00
164921 4 -50.00 7038.50 0.0010 30.29 462.00 5461.50 7036.00
164922 4 -50.00 7040.00 0.0010 56.09 497.50 5874.50 7037.50
164923 4 -50.00 7042.00 0.0010 59.16 483.50 5477.00 7039.50
164924 4 -50.00 7041.00 0.0010 57.42 1555.50 4349.00 7039.00
164925 4 -50.00 7036.00 0.0010 33.67 476.00 5427.50 7034.00
164944 2 -50.00 2288.00 0.0010 18.59 2067.00 102.00 2283.50
164945 2 -50.00 2172.50 0.0010 19.17 nan nan 2168.00
164946 2 -50.00 2143.00 0.0010 11.66 nan nan 2140.00
164947 3 -50.00 4133.50 0.0010 9.78 1990.50 1975.00 4128.50
164948 3 -50.00 4139.50 0.0010 9.67 2016.50 1952.50 4135.00
164949 3 -50.00 4312.00 0.0010 9.45 1985.50 1953.50 4306.50
164950 3 -50.00 5553.50 0.0010 9.99 865.50 4508.00 5551.50
165000 2 -50.00 2311.00 0.0010 91.58 323.50 1848.00 2307.50
165001 2 -50.00 2705.50 0.0010 91.88 1192.00 1417.50 2701.50
165002 2 -50.00 2954.00 0.0010 96.16 1268.00 1559.00 2949.00
165003 2 -50.00 2048.00 0.0010 95.63 1232.00 706.50 2043.50
165004 3 -50.00 4221.50 0.0010 97.55 1226.00 2843.50 4216.50
165103 4 -50.00 6185.00 0.0010 3.23 799.50 5146.00 6180.00
165104 4 -50.00 6379.50 0.0010 5.30 712.00 5190.50 6378.00
165105 4 -50.00 6208.00 0.0010 6.82 780.50 5131.50 6207.00
165133 5 -50.00 8397.50 0.0010 49.33 759.00 7542.00 8396.00
165139 4 -50.00 7277.50 0.0010 4.15 789.50 6070.50 7276.50
165140 4 -50.00 6274.00 0.0010 95.77 972.50 5153.50 6272.50
165144 3 -50.00 4435.00 0.0010 31.74 1102.50 3212.50 4433.00
165150 3 -50.00 5241.00 0.0010 39.02 1068.50 4009.50 5239.00
165152 3 -50.00 4886.50 0.0010 33.83 1065.50 3645.00 4884.50
165154 3 -50.00 4886.00 0.0010 32.28 1129.50 3376.50 4885.00
165197 3 -50.00 5428.00 0.0010 7.71 1437.50 3862.50 5426.50
165198 2 -50.00 3294.50 0.0010 9.22 1423.00 1799.00 3287.50
165199 2 -50.00 3308.50 0.0010 8.88 1406.50 1836.50 3300.50
165200 2 -50.00 3796.50 0.0010 8.87 1416.50 2273.00 3792.50
165201 2 -50.00 3688.50 0.0010 50.73 1438.50 2053.50 3688.50
165224 2 -50.00 2538.50 0.0010 9.79 1632.00 794.00 2531.50
165226 4 -50.00 6167.50 0.0010 8.14 1445.50 4514.00 6163.50
165227 4 -50.00 6786.00 0.0010 8.37 1446.00 4510.50 6786.00
165235 2 -50.00 2990.50 0.0010 133.84 1287.50 1620.50 2986.50
165236 3 -50.00 4645.00 0.0010 86.64 1236.00 3239.50 4640.00
165237 2 -50.00 3314.50 0.0010 60.41 1247.50 1837.00 3310.00
165238 2 -50.00 2748.00 0.0010 58.79 1243.50 1383.00 2744.00
165239 2 -50.00 2485.00 0.0010 70.64 1241.50 1149.50 2481.00
165242 2 -50.00 2808.50 0.0010 73.25 1259.00 1419.50 2804.00
165243 2 -50.00 2978.00 0.0010 71.16 1279.50 1596.50 2974.00
165244 2 -50.00 2747.50 0.0010 86.15 1241.50 1389.00 2743.00
165246 3 -50.00 5054.50 0.0010 117.00 1320.50 3629.50 5050.50
165247 2 -50.00 3586.00 0.0010 113.40 1262.00 2216.00 3581.50
165248 3 -50.00 4694.00 0.0010 72.96 1289.00 3207.00 4692.00
165249 2 -50.00 3925.50 0.0010 95.74 1276.00 2425.00 3925.00
165250 2 -50.00 2881.00 0.0010 76.82 1241.50 923.50 2879.00
165251 4 -50.00 6871.50 0.0010 81.86 1267.00 4750.00 6871.50
165253 2 -50.00 3747.00 0.0010 74.94 1313.00 2317.00 3742.50
165259 3 -50.00 4926.50 0.0010 11.23 1287.00 3480.50 4922.00
165261 3 -50.00 4968.50 0.0010 12.45 566.00 4025.50 4965.00
165263 3 -50.00 4333.50 0.0010 17.52 1250.50 2269.00 4330.00
165265 3 -50.00 5011.50 0.0010 15.93 1241.00 3182.00 5007.00
165271 3 -50.00 5789.50 0.0010 7.99 1440.50 4046.00 5787.00
165272 3 -50.00 5679.00 0.0010 7.44 1428.00 4070.00 5678.00
165273 3 -50.00 5654.50 0.0010 8.11 1478.00 4023.50 5653.50
165274 3 -50.00 5650.50 0.0010 7.64 1418.00 4099.50 5649.50
165279 4 -50.00 6364.00 0.0010 9.32 1414.00 4506.00 6363.00
165282 4 -50.00 6836.00 0.0010 7.25 1460.00 4456.00 6835.50
165453 1 -50.00 1283.50 0.0010 19.65 286.00 931.00 1280.50
165459 4 -50.00 7365.50 0.0010 11.56 1065.50 5701.00 7364.00
165493 2 -50.00 3727.50 0.0010 68.47 1675.00 1954.00 3722.00
165524 4 -50.00 7367.00 0.0010 65.02 1094.00 5642.00 7367.00
165526 2 -50.00 2268.50 0.0010 70.78 1461.50 548.50 2261.00
165527 2 -50.00 2496.50 0.0010 64.78 1496.50 682.00 2494.00
165528 2 -50.00 2426.00 0.0010 60.48 1537.50 432.00 2425.00
165529 2 -50.00 2394.50 0.0010 61.06 1063.50 857.50 2392.50
165531 2 -50.00 2321.50 0.0010 54.32 1253.50 759.00 2319.00
165532 2 -50.00 2698.50 0.0010 47.41 1282.50 1074.50 2696.00
165533 2 -50.00 2270.50 0.0010 57.89 1390.50 598.00 2266.50
165534 2 -50.00 3570.50 0.0010 62.11 1278.00 1809.00 3569.00
165535 1 -50.00 1773.00 0.0010 58.41 1397.00 296.00 1770.00
165539 2 -50.00 2701.50 0.0010 51.64 1265.50 1095.50 2699.00
165540 3 -50.00 4217.50 0.0010 58.74 1392.50 2288.00 4215.00
165542 2 -50.00 3248.50 0.0010 73.05 1265.00 1514.00 3246.00
165543 2 -50.00 2531.50 0.0010 58.17 1378.50 389.00 2529.50
165544 2 -50.00 2962.00 0.0010 66.35 1266.00 1279.50 2959.00
165981 4 -50.00 6872.00 0.0010 3.43 282.50 5668.00 6874.50
165985 4 -50.00 7376.00 0.0010 5.46 1089.00 5646.50 7376.00
167338 4 -50.00 6034.00 0.0010 22.41 1909.50 3406.00 6031.50
167492 4 -50.00 7091.50 0.0010 50.41 1781.50 4884.50 7088.00
167496 4 -50.00 6483.50 0.0010 43.83 363.00 6021.00 6479.50
167497 4 -50.00 6665.00 0.0010 50.95 364.50 6164.00 6663.00
167498 4 -50.00 6499.50 0.0010 57.13 346.50 6023.00 6497.50
167501 4 -50.00 6871.50 0.0010 45.99 345.00 6293.50 6870.00
