144200	4.3380
144204	4.1980
144207	4.2920
144209	4.5960
144210	4.1980
144212	1.5700
144215	2.8300
144217	3.4860
144218	2.2610
144219	4.2420
144220	3.8920
144235	3.8360
144257	5.7950
144262	5.1300
144292	5.0900
144293	5.0650
144294	5.0400
144312	0.7640
144339	1.1350
144369	0.6040
144370	0.6160
144371	0.6560
144375	1.7320
144379	1.4490
144381	5.4150
144382	5.5450
144384	5.6700
144385	5.7100
144386	5.5850
144387	5.6550
144388	5.0950
144390	5.3650
144391	4.0680
144394	4.8120
144395	4.4100
144396	5.4700
144397	5.6650
144407	4.7800
144411	5.3550
144425	2.9220
144427	1.4520
144428	2.8120
144429	4.3320
144430	3.2400
144432	4.0760
144433	1.3400
144434	1.5050
144435	3.0700
144436	3.3400
144437	3.5600
144438	3.8740
144439	2.9880
144440	4.4560
144441	3.5180
144442	2.7200
144447	1.1580
144509	4.8740
144515	5.6600
144517	0.5240
144520	1.3070
144521	1.0390
144524	5.4750
144525	5.3900
144526	5.3650
144527	0.9360
144530	1.3990
144531	4.7680
144532	1.3470
144534	0.7460
144535	0.7120
144539	2.2380
144540	2.2410
144541	0.5440
144542	0.6380
144543	2.2380
144548	5.8050
144551	1.4000
144553	5.3250
144555	1.2280
144559	1.6350
144560	3.4420
144561	1.8570
144562	2.6620
144563	2.9620
144564	3.2200
144685	0.6200
144686	0.6180
144687	2.1300
144689	0.5260
144690	1.9140
144691	2.0900
144692	5.9080
144694	4.5080
144695	1.2120
144696	1.0400
144697	1.1580
144698	1.2080
144699	6.0300
144700	5.5920
144701	6.2000
144710	4.5120
144711	5.4700
144713	5.5200
144722	5.4900
144725	5.4200
144726	5.5000
144728	5.4500
144731	5.4950
144732	0.8100
144733	5.5000
144734	5.5100
144736	5.0300
144741	3.9960
144755	4.5940
144756	5.0700
144758	1.6030
144759	5.5250
144760	2.7780
144761	5.0850
144763	2.9700
144764	4.0660
144766	4.2020
144767	2.7220
144769	1.4530
144772	5.3000
144775	5.3900
144783	1.5890
144785	1.6530
144792	5.2050
144793	3.4300
144794	3.7380
144795	3.4320
144796	5.0950
144797	3.8300
144798	3.4340
144799	4.4960
144803	3.4320
144805	2.6410
144806	3.0060
144808	2.5990
144809	2.4880
144811	4.1320
144812	5.0700
144813	4.6960
144814	3.9180
144817	6.1600
144819	3.0160
144820	3.0180
144821	2.6970
144822	2.5590
144823	2.3650
144824	2.5250
144825	2.2630
144826	2.1670
144827	2.1230
144828	2.1270
144829	2.5660
144831	2.3140
144832	2.1100
144833	2.1700
144834	2.1680
144835	2.6590
144836	3.0240
144837	3.0240
144838	3.0200
144839	1.8470
144840	3.0220
144841	3.0180
144842	3.0380
144843	3.0280
144844	4.5800
144845	3.6300
144846	3.2860
144847	4.3540
144848	3.9960
144849	2.8840
144850	3.6860
144851	1.6600
144852	2.1160
144874	5.5250
144875	5.4700
144876	5.5000
144877	5.4950
144878	5.5250
144879	5.4750
144880	5.4950
144881	5.4500
144882	5.5300
144894	5.9700
144896	5.0650
144897	1.4150
144898	5.8000
144900	4.6580
144901	5.1000
144909	2.9440
144910	3.2340
144911	3.4840
144924	3.2840
144955	1.9260
144957	1.1220
144962	1.7970
144982	4.9100
144994	3.8420
144995	4.4800
144996	3.9520
144997	6.2050
144998	6.1900
144999	6.2350
145003	1.4550
145009	5.1600
145010	3.9820
145011	3.2780
145013	4.3240
145014	3.8140
145015	3.9980
145016	5.1500
145017	3.5520
145018	3.4800
145019	4.3440
145020	5.0600
145021	3.7540
145022	3.1720
145023	3.8380
145026	5.8750
145027	5.5300
145029	4.4480
145031	3.9580
145032	2.0340
145033	4.3820
145034	4.1720
145037	0.7760
145050	1.7010
145062	4.8400
145064	3.7820
145068	4.9650
145070	4.8880
145075	3.8300
145078	5.3950
145080	3.6940
145081	5.3050
145084	4.2080
145087	3.5680
145089	3.5980
145090	2.9260
145092	4.3200
145095	5.3050
145096	1.8110
145097	3.7500
145108	3.8720
145109	5.3950
145112	4.6220
145113	5.3650
145114	4.0320
145115	4.9750
145116	5.0150
145118	2.7400
145119	2.1200
145120	5.2750
145121	4.3800
145122	1.7300
145124	2.3760
145126	2.2380
145127	2.9580
145128	3.4360
145129	2.7210
145130	2.6520
145131	3.4080
145139	4.2580
145141	4.3600
145144	3.6920
145150	2.0780
145163	6.0250
145164	0.5880
145165	0.5920
145210	6.0250
145211	6.0150
145235	4.4660
145237	4.8160
145238	4.6360
145239	4.5280
145240	4.2640
145244	0.7760
145301	5.0550
145304	4.3520
145321	3.0680
145325	1.1480
145326	0.5360
145335	0.5160
145336	0.5700
145337	1.3690
145338	5.1250
145340	1.2290
145341	1.2370
145342	3.4140
145343	5.1350
145345	2.4330
145347	3.2060
145348	5.4200
145351	5.1500
145353	1.7280
145363	2.9340
145365	2.5940
145366	2.2740
145367	2.6690
145373	3.4340
145374	2.2940
145375	2.2620
145378	5.3100
145379	4.5120
145380	4.5980
145381	5.9750
145382	5.7400
145383	5.8450
145384	5.3100
145385	4.5580
145386	2.5900
145387	5.8800
145388	5.9750
145390	3.5140
145391	4.7580
145392	4.4020
145407	6.0200
145408	4.6900
145409	4.8900
145410	3.7340
145411	4.2360
145412	6.1500
145413	6.1000
145415	6.0600
145416	6.0450
145417	4.1400
145419	6.0450
145420	4.8950
145421	5.1850
145422	6.0600
145425	5.9850
145426	5.0700
145427	5.6450
145443	2.0340
145450	5.4400
145454	0.5180
145464	5.7150
145467	5.4850
145469	5.3850
145476	1.1980
145479	4.3440
145483	2.0040
145484	2.0060
145486	2.0030
145490	2.0038
145491	2.0048
145493	2.0038
145495	2.0040
145496	2.0038
145497	2.0038
145498	2.0048
145500	2.0038
145501	2.0070
145502	2.0040
145503	2.0036
145504	2.0060
145505	2.0038
145506	2.0038
145507	2.0040
145508	2.0036
145509	2.0036
145510	2.0038
145511	2.0038
145514	2.0040
145515	2.0040
145516	2.0046
145517	2.0042
145518	2.0036
145519	2.0040
145522	2.0042
145525	2.0030
145526	2.0038
145527	2.0038
145544	1.4300
145547	4.0080
145548	3.9180
145549	4.0380
145550	4.5280
145554	1.8220
145559	1.8670
145576	4.7840
145578	4.4580
145581	2.0730
145584	5.1000
145585	4.8950
145588	4.6960
145589	2.8490
145590	4.7800
145591	3.9920
145592	4.7580
145593	2.8690
145594	3.8260
145595	2.7600
145596	5.1550
145597	3.4200
145634	2.2560
145638	2.3210
145639	2.4340
145640	2.1090
145641	2.3000
145642	2.6710
145644	3.2660
145645	2.4520
145646	2.5770
145647	2.2120
145648	4.6160
145649	3.5100
145650	3.2340
145651	5.6300
145652	3.7800
145653	3.8580
145654	3.7880
145655	3.0680
145656	2.3300
145657	3.9920
145658	3.1260
145659	5.1350
145660	3.7940
145661	3.1400
145665	1.3720
145666	1.9890
145681	4.9950
145682	3.8180
145688	5.4350
145689	4.1740
145691	4.6360
145704	6.0950
145716	2.7400
145721	6.0400
145748	1.3680
145763	1.5260
145766	1.7060
145816	2.0046
145818	2.0040
145821	2.0036
145822	2.0044
145823	2.0038
145824	2.0036
145825	2.0036
145827	2.0036
145829	2.0036
145833	2.0036
145834	2.0036
145836	2.0036
145845	2.0032
145847	2.0084
145848	2.0036
145857	4.9450
145858	4.5000
145860	3.5300
145862	3.8240
145866	3.8400
145881	4.8300
145887	5.0000
145889	1.8660
145890	4.2500
145891	5.1600
145906	3.4520
145912	4.4320
145913	3.8400
145916	3.3600
145917	3.9980
145926	5.7250
145929	5.7300
145934	5.7350
145941	5.3750
145950	5.4950
145995	5.1550
146014	1.2820
146015	5.6450
146024	2.0036
146025	2.0036
146026	2.0032
146030	2.0062
146033	2.0498
146036	1.9736
146042	2.2510
146046	3.5220
146049	3.5200
146052	2.4440
146061	1.6220
146062	2.3310
146063	2.3080
146064	3.0920
146066	1.6290
146067	2.5530
146068	1.6530
146069	1.6600
146070	3.0080
146071	3.1180
146081	4.2860
146087	4.4080
146092	2.1900
146100	1.8880
146103	1.3870
146124	1.0520
146125	1.4320
146131	2.0042
146132	2.0044
146136	2.0036
146137	0.8040
146139	1.6540
146140	2.0054
146141	2.2150
146142	2.0070
146144	2.0036
146145	2.0038
146147	1.2940
146190	4.5340
146192	1.1430
146193	1.1610
146194	4.6500
146195	2.8940
146196	4.1720
146200	4.3400
146201	1.8210
146202	4.3520
146203	4.3100
146204	2.7460
146205	4.1220
146206	4.4780
146207	4.7500
146208	3.3980
146209	2.8860
146210	2.8890
146211	1.6650
146271	2.8450
146282	3.1760
146283	2.5810
146293	3.5700
146314	5.6100
146337	4.8680
146380	3.2260
146382	5.8250
146383	0.7020
146386	4.9600
146387	3.6780
146388	5.1380
146389	3.4100
146390	1.9120
146391	3.4060
146392	4.7540
146393	5.6950
146394	6.0550
146395	4.1040
146396	4.3440
146397	4.7880
146398	4.3760
146399	4.4440
146400	4.2800
146401	4.0180
146402	3.6080
146403	3.1210
146404	0.8800
146405	5.1460
146414	5.4450
146421	5.0900
146426	0.6020
146431	5.5150
146432	1.7260
146433	5.5500
146434	6.5400
146435	1.3550
146437	6.5450
146438	6.5750
146442	2.7420
146445	5.6250
146460	6.1100
146464	2.3580
146468	4.6180
146475	5.2600
146477	5.3950
146478	5.4000
146479	4.8340
146482	4.9800
146484	5.3500
146487	5.3350
146494	5.0350
146495	4.2580
146496	3.5600
146497	3.2780
146498	4.3200
146499	2.5250
146516	0.5740
146517	5.9550
146518	5.6600
146519	5.8500
146532	4.9900
146543	4.6350
146546	4.9400
146547	4.9550
146550	2.0200
146572	5.4450
146583	5.2050
146584	5.1550
146585	5.1150
146586	3.9500
146587	5.4650
146594	4.7120
146598	5.6750
146599	5.6050
146614	3.9080
146620	6.2000
146621	6.1700
146623	6.0450
146626	4.7760
146627	4.5000
146628	5.8150
146630	4.0020
146633	2.5350
146634	3.5760
146635	3.7580
146642	6.0350
146644	3.8480
146645	2.8580
146646	3.9100
146647	6.0100
146648	5.6180
146649	4.9480
146650	5.1740
146651	5.5740
146654	6.1450
146655	6.2050
146657	6.6950
146663	4.7080
146667	3.8080
146668	3.0020
146669	3.4420
146670	3.2360
146672	3.1600
146676	3.4020
146683	1.4660
146684	3.4020
146685	3.0320
146686	3.0318
146687	3.0318
146688	3.0320
146689	3.0250
146690	3.0324
146691	3.0278
146692	3.0336
146693	3.0346
146694	3.0300
146695	3.0346
146696	3.0132
146697	3.0208
146698	3.0264
146699	3.0080
146700	3.0086
146701	3.0090
146703	2.0480
146705	2.0054
146706	2.0048
146707	2.0056
146708	2.0044
146709	2.0038
146714	0.6020
146715	4.1960
146760	1.1610
146771	1.4790
146783	3.2280
146786	6.1550
146787	5.4400
146790	6.1450
146791	6.1150
146792	1.7240
146793	2.7080
146794	3.3510
146795	6.0700
146796	6.0450
146797	4.9100
146798	4.7120
146799	5.2780
146800	3.9900
146801	3.4460
146802	4.7880
146804	4.1160
146805	4.0780
146806	4.4720
146808	3.2120
146810	2.9210
146811	5.5600
146813	6.1250
146819	5.5800
146837	1.7950
146843	5.6750
146844	5.4750
146845	5.3400
146847	4.6060
146849	4.6740
146851	4.7420
146852	4.6760
146853	5.4200
146854	4.7880
146855	5.5300
146856	5.3350
146866	5.3100
146867	5.2500
146872	5.2050
146873	4.1760
146874	4.3200
146909	0.6740
146911	1.4500
146912	1.7050
146913	3.5700
146914	3.0120
146916	6.3650
146918	9.3150
146919	1.8100
146920	2.2850
146921	3.5040
146922	3.5720
146923	3.9560
146924	2.6120
146925	2.3250
146926	2.0000
146927	2.2500
146929	7.5550
146930	7.6250
146931	0.5400
146932	8.7100
146933	6.4200
146937	4.7300
146938	8.5200
146940	9.3250
146941	7.0500
146943	9.3150
146947	9.3550
146949	9.7500
146953	5.2640
146958	5.6140
146959	5.6680
146961	5.2060
146962	6.7350
146966	5.8460
146976	4.2900
146978	1.8330
146979	6.2450
146985	5.3050
146986	5.6000
146987	4.5640
146988	4.5300
146989	3.4520
146991	4.0300
146992	3.8820
146995	5.7850
146996	5.7350
147002	3.1920
147006	0.6540
147008	4.2580
147009	2.7820
147010	3.6340
147011	7.0700
147013	3.2440
147014	2.9620
147015	7.7600
147016	8.3000
147017	4.0480
147018	5.7960
147019	4.4060
147022	4.6840
147024	6.6500
147025	8.2100
147026	8.4200
147027	8.7000
147028	3.4960
147029	2.8400
147030	3.1780
147031	2.4100
147032	3.2640
147033	5.7020
147034	9.0850
147035	8.7150
147036	3.7220
147037	2.2700
147044	8.4900
147045	4.1220
147046	3.7140
147047	3.6120
147048	2.5940
147049	9.1550
147050	9.0500
147052	5.1400
147053	9.7850
147060	9.6950
147062	9.7100
147067	9.8400
147068	3.3060
147069	3.3600
147070	9.8800
147072	9.1100
147079	3.1760
147080	3.0780
147081	4.2800
147082	3.0460
147084	9.6600
147085	7.9150
147088	1.0350
147090	5.7600
147091	10.6400
147092	7.8450
147095	3.5060
147096	3.6460
147099	5.9850
147100	6.4250
147101	7.6750
147102	7.4200
147103	5.7950
147104	8.2000
147105	7.7700
147107	5.2250
147114	2.6560
147117	5.8050
147118	5.7800
147123	5.7750
147124	5.7600
147125	4.3360
147132	5.8200
147136	5.7850
147142	5.8300
147143	5.6850
147161	3.8980
147164	5.8050
147167	6.2400
147168	6.2450
147169	4.7660
147170	5.0850
147171	4.6080
147172	3.8440
147173	4.0340
147174	3.7300
147175	5.9950
147176	5.9500
147178	5.9550
147179	4.9050
147189	2.5670
147190	2.6140
147191	3.7020
147192	1.7360
147194	5.1750
147199	4.1300
147200	2.6420
147201	4.0400
147202	4.8560
147203	4.2620
147204	1.4040
147205	2.0630
147206	2.0440
147207	4.4500
147208	3.7140
147209	3.2840
147210	3.1440
147211	3.5200
147212	3.7020
147213	4.4720
147263	2.4290
147266	1.5460
147268	5.1800
147278	5.1700
147279	5.1850
147280	5.1700
147284	4.0900
147286	3.1180
147287	3.3580
147289	1.8120
147291	4.3640
147292	1.9420
147328	1.7950
147329	3.6840
147333	1.5600
147335	1.7010
147336	3.1720
147337	2.6510
147338	1.2770
147339	2.7400
147340	1.2340
147341	1.4090
147342	1.8410
147344	2.8880
147345	2.0590
147347	3.4380
147348	2.2560
147350	3.4560
147351	3.9460
147352	3.4840
147353	1.6150
147355	1.6020
147356	1.7320
147357	3.3300
147358	1.6280
147359	2.4740
147360	2.8380
147361	1.6010
147362	2.2400
147363	3.4720
147386	4.3540
147387	3.6060
147388	3.9980
147389	4.9800
147390	4.3380
147393	4.6080
147395	4.0220
147403	2.6300
147406	5.1300
147409	5.0750
147427	1.1880
147431	1.9450
147433	1.6300
147434	1.6570
147435	2.8060
147437	2.5200
147442	1.9100
147445	2.0094
147447	2.0192
147448	2.0340
147449	2.0266
147450	2.0100
147451	2.0088
147452	2.0218
147453	2.4830
147458	3.9180
147463	4.8780
147513	5.0600
147514	5.3100
147515	4.1320
147516	4.0620
147517	4.3300
147590	5.6050
147591	5.9250
147593	5.4700
147595	3.7160
147602	5.6700
147611	5.8050
147612	4.5320
147613	4.4060
147614	4.3080
147641	0.6140
147643	4.8880
147644	3.8840
147654	5.2050
147655	5.1850
147666	4.7200
147672	5.0950
147674	4.0800
147679	3.9280
147683	3.9440
147687	3.8040
147688	3.7140
147698	5.2350
147702	4.1940
147706	2.9360
147710	2.0240
147716	0.7640
147738	0.5420
147741	1.6550
147743	7.7600
148162	5.1150
148163	5.5300
148168	5.3850
148171	1.0510
148178	1.1110
148207	5.3050
148213	0.8740
148248	4.0960
148249	3.3980
148251	5.2900
148252	5.2750
148253	5.5700
148254	3.8120
148256	5.5750
148257	5.5800
148259	4.8880
148260	3.6820
148283	5.6450
148286	5.2300
148287	5.3400
148304	4.3400
148305	5.1050
148306	4.5500
148310	4.8120
148315	2.6030
148316	2.7990
148317	4.2340
148322	4.9650
148326	4.5440
148328	5.1300
148329	4.5500
148330	4.5540
148331	4.5480
148332	4.5580
148333	4.5340
148334	5.3500
148342	2.5910
148343	4.1460
148345	4.1660
148358	0.9840
148371	4.3340
148372	4.1280
148373	3.1420
148374	3.9500
148375	3.6540
148380	3.6720
148383	5.5550
148389	0.5740
148390	0.5300
148391	4.3160
148392	4.0100
148454	5.3250
148461	5.2150
148468	3.7360
148469	1.6030
148470	2.3410
148471	5.4550
148480	4.7740
148481	5.0050
148484	2.1190
148488	3.9460
148489	4.0520
148492	1.0260
148494	4.4860
148498	0.8600
148505	6.0500
148506	5.8650
148507	5.8000
148508	4.6240
148509	5.8200
148510	5.8800
148531	0.5260
148556	1.6700
148582	4.0020
148593	5.2900
148611	4.1060
148612	5.2250
148613	5.3450
148617	2.7410
148618	3.0280
148620	4.1980
148621	3.1540
148623	3.6000
148625	5.4300
148628	5.6200
148650	4.5160
148651	3.5480
148652	4.5260
148655	5.6150
148657	4.5300
148660	4.5440
148663	6.0650
148670	2.3130
148676	0.7060
148677	5.3250
148678	1.8210
148685	6.1850
148686	6.1750
148707	6.0850
148708	3.8280
148710	1.1800
148711	1.6900
148713	3.9740
148714	2.0890
148716	4.8780
148719	4.7320
148720	4.9050
148721	5.0050
148722	5.3000
148723	5.2050
148724	6.2850
148725	6.0650
148726	6.3050
148727	6.0350
148728	4.1440
148729	3.9360
148731	6.2400
148732	4.6600
148733	3.3780
148737	5.9050
148739	4.0820
148740	6.1500
148741	5.6700
148743	3.8980
148744	5.3700
148748	3.1020
148751	4.9500
148752	5.3400
148753	4.3520
148754	3.0420
148755	2.8590
148757	2.1090
148758	4.5320
148759	4.3800
148760	4.5880
148761	6.1750
148762	5.3150
148763	5.1100
148765	5.9550
148767	4.1840
148771	5.5200
148782	4.9400
148789	5.3600
148795	1.5140
148836	0.5200
148837	0.9620
148838	3.8880
148839	2.3240
148841	5.5150
148843	5.3850
148845	5.1900
148847	5.2700
148848	5.2650
148849	5.4450
148856	5.2950
148871	5.1950
148872	1.3790
148875	3.8940
148900	0.5500
148921	1.4860
148928	1.7680
148960	4.9250
148962	3.6360
148963	3.9580
148964	4.9400
148965	5.7850
148967	4.3140
148968	2.5290
148969	2.4850
148970	2.9640
148971	3.8620
148972	5.7650
148974	3.3500
149001	1.7330
149002	1.7440
149003	2.3730
149004	1.8040
149005	1.8540
149006	3.3880
149007	1.7160
149008	2.2780
149009	2.9960
149012	4.8460
149013	1.5860
149014	3.3700
149016	3.5520
149017	3.9240
149018	1.7980
149019	4.2060
149021	3.2880
149024	4.2120
149025	1.3100
149028	4.2720
149029	4.1860
149030	2.3250
149031	1.6240
149032	1.8110
149033	2.0050
149034	1.8640
149035	2.2260
149036	1.9700
149037	2.4610
149044	1.4550
149045	3.9840
149053	1.3490
149062	1.3070
149065	3.5220
149066	3.3800
149067	3.4180
149068	4.8500
149069	1.1450
149070	0.9800
149071	1.9860
149072	0.8740
149073	1.8200
149074	3.4340
149075	1.0660
149076	3.5380
149077	2.7840
149078	3.1700
149079	2.6700
149090	1.1140
149091	5.9850
149092	5.2550
149093	1.1320
149094	4.5100
149095	5.5700
149097	1.3650
149098	6.1000
149099	3.4680
149100	4.4760
149102	1.1120
149103	6.1200
149104	6.1300
149105	3.6600
149106	6.0900
149107	5.4000
149108	5.5300
149112	1.2150
149118	6.1200
149119	2.7090
149125	1.6350
149131	4.5760
149134	1.1010
149135	5.5200
149140	4.4920
149141	4.9650
149143	4.5420
149153	4.6860
149163	2.3360
149165	3.4380
149166	3.7160
149167	4.6040
149168	4.6080
149169	4.5320
149170	2.4520
149171	4.5620
149172	4.4220
149173	4.8600
149174	4.9400
149175	2.4130
149176	4.4740
149177	4.6740
149178	2.7690
149179	4.5580
149180	3.8960
149181	3.5280
149182	4.0300
149183	3.4420
149184	2.5930
149185	1.9350
149186	4.6960
149187	3.5300
149188	3.9300
149189	4.4620
149190	3.5180
149191	3.6600
149199	5.0200
149202	5.4100
149205	5.3600
149206	5.4000
149207	2.3890
149208	4.3960
149211	5.4000
149212	2.5240
149213	4.1260
149214	3.7240
149215	3.6300
149216	4.7360
149219	4.4060
149220	5.3900
149221	4.3640
149222	5.3700
149224	5.4050
149225	5.4000
149226	5.3600
149227	4.6620
149243	3.9680
149244	6.2050
149248	6.2150
149251	4.1400
149254	5.8600
149255	5.8650
149256	5.8600
149257	4.4100
149258	5.8550
149259	5.8700
149264	5.8650
149266	6.2000
149294	2.2630
149295	2.2780
149296	1.0580
149297	2.9360
149298	3.2380
149302	5.2300
149306	1.2510
149307	6.1200
149309	4.7040
149311	5.4700
149312	4.2320
149313	4.0800
149314	3.6780
149315	4.9150
149320	5.8750
149321	5.8800
149324	3.3840
149326	5.8800
149327	5.8850
149329	5.8850
149331	5.8500
149338	4.1480
149340	5.8800
149341	5.9100
149342	4.4020
149343	5.2650
149349	6.4250
149355	5.3600
149356	5.3700
149363	6.2100
149365	4.8760
149366	2.1940
149368	2.4300
149369	5.2300
149374	3.1800
149379	5.7200
149381	5.8050
149382	4.2500
149392	2.5170
149402	3.9460
149432	3.4360
149433	1.6640
149434	2.3000
149435	2.4220
149436	1.3770
149438	2.4660
149439	1.5580
149440	1.9110
149441	1.9490
149442	1.9980
149443	2.0320
149444	2.1390
149446	1.9690
149447	3.3980
149448	6.0450
149449	6.0150
149450	5.5700
149451	5.7500
149452	3.8560
149453	5.5300
149454	5.1700
149455	6.1250
149456	5.7550
149457	6.0400
149458	6.0950
149459	5.0700
149462	5.5750
149470	1.7710
149471	1.4270
149472	2.0150
149473	3.0140
149474	3.8660
149475	2.7060
149477	1.5940
149478	3.4480
149479	3.7880
149480	2.3280
149481	2.3470
149482	2.5150
149483	3.3240
149484	1.9450
149486	1.8450
149488	5.4350
149489	1.0450
149490	1.1060
149491	4.6700
149499	2.2260
149500	1.4930
149501	2.9980
149502	2.4160
149503	1.7200
149504	1.9310
149505	1.7440
149508	0.5520
149530	6.0700
149531	5.3550
149532	5.8200
149540	3.5080
149544	4.7980
149586	3.9060
149597	0.5640
149602	3.5180
149603	5.7050
149612	5.7250
149626	6.3500
149632	0.5280
149633	5.6800
149634	5.6900
149635	5.6900
149636	5.6850
149637	5.6950
149638	5.6900
149639	5.0950
149640	5.5950
149641	5.5950
149642	5.5900
149643	5.5950
149644	4.2740
149645	3.7580
149646	3.6100
149647	3.4580
149648	3.3140
149649	3.7820
149657	1.6850
149659	1.9130
149660	4.5480
149662	2.9140
149683	2.8890
149684	2.2870
149685	3.5940
149686	5.9150
149687	3.1580
149688	2.6160
149692	3.7500
149694	3.9620
149695	3.1360
149696	3.2660
149698	3.1180
149720	2.0290
149721	2.0120
149723	2.0100
149742	5.3250
149745	5.5750
149746	4.8500
149748	5.4000
149749	1.8840
149750	3.4720
149751	4.3980
149752	1.7300
149753	3.3100
149771	4.7300
149772	4.8420
149775	2.1660
149778	3.9660
149802	3.8260
149809	4.4220
149812	4.8200
149814	3.0660
149817	4.3340
149819	3.4860
149823	5.7950
149825	5.7950
149826	5.9700
149841	5.2800
149844	4.3140
149846	4.1000
149851	4.6060
149858	4.3180
149859	4.6160
149865	1.9630
149873	5.3400
149875	5.2950
149876	1.3010
149877	6.0350
149879	6.0450
149880	6.0450
149881	6.0300
149882	6.0250
149883	6.0200
149884	6.0200
149885	6.0200
149886	6.0150
149887	6.0100
149888	6.0250
149889	6.0150
149890	6.0200
149891	6.0100
149892	6.0150
149893	6.0350
149897	4.3340
149898	5.4150
149899	3.4780
149900	5.3750
149904	0.6940
149905	3.1620
149908	5.9200
149909	5.9150
149910	5.9100
149911	5.9200
149912	5.9200
149913	5.9150
149914	5.9150
149915	5.9150
149916	5.9200
149917	5.9200
149936	5.7700
149939	3.2200
149963	1.9960
149964	6.0450
149965	3.9180
149966	2.0780
149968	4.2020
149969	2.5490
149972	3.0980
149974	5.6200
149975	4.1900
149977	4.2300
149978	4.9850
149980	2.0570
149981	2.1880
149992	5.6050
149993	5.5950
149994	5.5850
149995	5.5850
149996	5.5950
149997	5.5850
149998	5.5900
149999	5.6400
150000	5.6400
150006	5.1150
150007	5.1250
150008	5.1900
150009	5.1950
150010	5.0650
150011	5.0600
150012	5.1900
150013	0.6980
150014	5.1900
150016	3.1920
150021	1.1430
150033	4.6700
150043	5.8300
150051	4.2480
150067	2.6650
150082	5.0650
150084	3.5260
150085	5.6950
150087	3.2180
150110	5.2700
150112	5.9450
150117	3.0180
150118	3.0220
150119	3.0520
150120	1.6950
150121	3.4440
150123	6.1900
150130	5.3950
150131	5.3800
150134	5.1200
150135	5.4250
150136	5.3350
150138	5.4900
150146	5.2700
150171	2.0080
150172	3.1600
150173	2.0190
150175	2.0136
150177	2.0090
150178	2.0056
150180	1.1750
150182	2.0070
150185	2.0050
150187	2.0080
150218	4.1480
150221	5.2400
150224	3.3720
150227	0.8780
150229	1.7710
150230	0.6120
150231	4.9050
150238	3.1580
150239	3.0926
150240	3.0294
150241	3.0324
150242	3.0326
150243	3.0340
150244	3.3435
150245	3.0320
150246	3.0338
150248	2.2370
150249	2.2386
150250	2.2396
150265	3.0900
150267	2.0642
150271	3.1498
150272	3.5160
150273	3.0240
150274	3.0174
150275	2.2338
150276	2.2340
150277	2.2350
150278	2.2344
150279	2.2378
150283	2.0240
150286	2.0204
150295	5.7500
150298	5.7350
150303	3.5540
150304	3.3400
150305	3.2760
150322	6.2050
150361	5.6100
150362	5.5250
150364	5.5450
150365	5.4200
150366	5.3300
150367	5.0900
150368	5.3000
150369	5.2300
150370	5.3100
150371	5.3000
150372	3.9520
150373	5.0600
150375	5.2800
150402	5.2400
150403	6.1100
150404	4.1660
150405	5.3300
150407	4.9250
150408	5.1300
150410	4.1420
150413	5.7050
150421	4.7080
150425	2.4540
150429	2.6110
150437	6.2000
150438	6.2350
150439	4.4660
150440	6.2150
150447	5.6300
150461	1.2140
150462	1.2180
150463	1.0780
150464	1.0720
150465	1.2155
150466	1.2190
150467	1.2096
150468	1.2742
150469	1.2100
150470	1.2104
150471	1.2100
150501	4.6600
150502	2.7930
150503	2.1210
150504	2.3780
150505	2.4270
150506	2.5280
150507	2.4800
150508	2.5140
150509	3.0400
150510	1.7690
150511	2.7360
150513	2.3700
150514	2.4870
150515	2.4480
150522	0.9380
150524	3.5680
150525	3.3060
150527	2.8710
150528	3.7700
150529	3.1800
150531	3.3980
150532	2.8500
150533	4.7620
150534	2.4590
150535	2.9340
150536	3.5880
150537	4.0940
150555	1.1640
150556	1.1280
150557	3.7400
150558	1.2010
150578	5.4150
150579	3.5860
150580	3.1080
150581	2.9820
150582	2.6490
150583	2.7310
150584	5.5550
150585	2.6210
150586	2.6600
150587	2.6600
150588	2.6480
150589	2.2010
150590	2.7720
150591	2.7870
150592	2.5210
150593	2.9800
150594	2.9060
150595	2.8860
150596	2.8980
150597	2.8980
150598	2.9360
150599	2.3250
150601	5.0200
150613	4.8500
150617	3.2060
150619	2.6100
150621	4.4380
150634	4.2740
150635	3.9300
150636	5.8650
150638	5.8700
150639	3.6200
150641	4.0780
150642	5.1350
150643	4.6660
150644	4.0300
150646	3.6380
150647	4.8880
150648	3.8420
150649	3.5120
150650	5.8700
150651	3.2900
150654	5.5400
150656	5.2250
150659	6.2000
150661	5.5250
150689	1.2122
150690	1.2130
150691	1.2130
150692	1.2132
150693	1.2154
150694	1.2150
150695	1.2094
150696	1.2158
150698	1.2162
150714	5.9700
150715	2.5530
150716	5.2900
150722	3.2200
150723	3.2200
150725	4.4320
150728	5.0500
150730	4.3200
150732	4.0280
150733	3.9260
150736	5.1500
150737	4.1180
150738	5.2250
150740	2.0580
150741	3.6520
150742	4.0460
150744	2.7450
150745	3.1700
150746	3.0440
150776	3.1580
150777	4.6140
150781	3.1200
150784	3.9480
150788	6.2300
150791	5.2750
150818	5.0100
150819	5.8550
150820	5.8750
150824	5.8850
150827	5.8900
150829	5.0900
150830	5.5500
150834	5.5200
150835	4.5680
150838	3.5180
150841	3.5500
150845	3.0940
150848	3.1940
150860	6.0000
150861	5.9650
150868	4.1860
150871	4.3420
150873	6.3660
150874	4.3680
150875	4.4800
150880	2.0060
150884	2.0050
150889	2.0034
150892	2.0080
152131	1.5505
152136	1.4865
152172	4.7545
152174	4.9825
152199	1.4050
152200	5.5395
152205	5.4690
152206	5.3500
152213	0.7825
152214	1.3475
152215	1.3185
152216	1.3460
152217	2.9350
152227	3.8240
152231	6.5785
152247	0.8055
152267	7.1190
152268	7.0925
152283	5.0605
152304	2.9900
152313	3.8035
152317	4.4935
152324	2.7045
152338	6.2455
152357	3.6945
152360	4.6070
152361	4.7705
152362	2.6955
152363	4.5505
152367	6.6005
152368	7.1665
152369	6.6200
152370	6.6440
152371	6.3145
152439	5.4980
152481	7.0890
152482	7.0820
152514	3.0465
152515	6.2570
152546	5.1795
152547	6.6060
152553	0.8640
152558	0.8865
152559	2.0410
152560	2.0420
152561	5.5715
152562	5.7250
152571	6.3275
152572	5.1180
152573	4.9425
152574	6.3800
152575	6.3580
152576	6.3760
152579	7.0695
152580	7.0860
152581	7.0770
152582	7.5150
152585	7.4230
152586	7.4265
152587	7.4235
152588	7.4180
152589	7.4210
152590	7.4475
152591	7.4185
152593	2.5445
152594	6.5635
152595	6.6085
152596	1.9465
152600	5.9265
152602	5.1665
152614	7.3980
152615	3.5565
152623	1.6520
152626	4.3925
152627	4.1110
152628	4.1315
152629	4.0905
152641	5.2105
152701	0.7165
152702	4.2645
152717	6.3905
152724	5.6090
152732	4.5105
152739	5.8975
152740	6.0240
152777	5.9020
152778	5.8065
152779	6.4720
152780	6.4495
152782	6.4715
152783	6.5790
152784	7.1625
152785	6.6215
152786	7.1095
152787	7.0945
152788	5.3505
152792	6.9445
152793	7.0955
152794	7.0945
152795	5.8640
152797	5.2060
152798	6.3745
152799	5.3620
152800	4.4035
152801	3.3775
152802	3.9090
152803	5.7280
152804	5.4180
152805	5.4085
152806	3.4865
152807	3.7120
152808	4.1400
152812	5.6585
152813	7.3695
152819	4.5145
152820	5.0445
152829	3.4645
152831	4.9745
152832	5.3840
152845	4.5940
152846	4.1380
152850	7.3540
152852	3.5005
152853	4.9470
152854	4.5820
152856	6.4045
152858	6.6630
152859	5.6975
152860	2.5900
152861	4.2650
152881	4.8015
152882	0.8830
152883	4.4280
152884	4.1410
152885	4.2415
152892	7.5455
152893	7.5445
152894	7.5460
152895	7.2175
152896	7.1125
152897	7.5425
152899	7.7530
152900	5.5400
152908	2.0075
152909	2.0175
152910	2.0145
152913	1.2105
152914	1.2095
152925	7.0400
152931	2.2330
152938	7.0355
152959	5.8450
152960	5.8165
152961	5.8595
152962	5.8495
152963	5.8420
152964	5.8405
152966	5.8585
152967	5.8420
152968	5.8470
152969	2.1855
152970	5.8435
152971	5.8480
152972	5.8675
152973	5.8670
152980	3.1115
152981	3.7885
152986	6.5690
153016	6.5350
153017	5.8120
153018	5.8510
153019	5.8495
153020	5.8415
153021	5.8390
153052	5.4240
153053	6.6055
153069	3.8340
153090	0.5185
153091	5.5400
153092	5.5360
153097	5.8675
153107	4.6205
153113	5.6725
153122	2.3015
153123	2.1695
153124	2.1805
153125	2.3235
153126	2.5350
153127	3.4120
153128	2.8625
153129	1.5950
153130	2.5370
153131	1.6925
153132	4.9135
153133	4.4995
153134	2.5775
153135	3.9530
153136	2.7535
153137	3.1510
153138	2.2195
153139	3.6870
153140	6.4160
153141	5.4270
153142	4.3920
153143	5.9445
153144	2.8285
153145	3.6740
153146	3.8965
153147	7.0370
153148	1.7935
153149	7.0420
153150	7.0390
153155	5.2215
153157	1.4950
153262	5.2975
153263	3.9810
153264	4.0955
153265	3.7055
153266	4.7360
153267	5.2785
153268	3.5005
153270	3.5595
153271	3.2775
153272	3.3650
153273	3.3970
153274	3.4390
153275	3.3130
153276	3.5255
153278	5.3090
153279	3.6120
153282	3.3845
153285	5.3895
153288	1.5585
153294	3.2320
153300	3.9490
153302	5.4955
153303	5.4985
153305	5.3395
153307	5.0700
153313	2.3500
153315	2.2010
153316	2.3905
153317	4.7210
153319	2.3870
153320	5.0325
153321	4.6320
153323	4.6570
153324	5.0385
153325	4.3330
153327	2.9290
153329	5.0600
153330	5.0150
153331	1.6460
153332	3.1890
153334	4.4455
153335	2.3425
153336	2.3370
153337	2.7505
153338	4.3190
153339	1.4735
153340	4.8010
153343	3.8200
153344	5.0985
153345	4.0955
153351	5.0765
153352	3.2385
153353	3.6890
153354	4.4575
153355	4.5810
153356	4.2210
153358	5.5200
153360	1.2330
153361	1.0740
153362	4.4405
153363	3.5390
153364	3.3620
153365	4.3615
153366	4.5790
153367	4.5160
153369	2.7115
153371	5.0865
153372	4.6780
153373	4.5420
153374	5.0695
153376	3.1930
153381	5.3555
153383	3.7635
153384	3.7400
153385	3.5835
153386	3.1405
153387	3.6345
153388	3.1150
153389	3.0555
153390	3.2870
153391	3.5240
153392	1.6790
153393	3.4160
153394	4.0775
153395	2.8795
153397	4.1115
153400	4.2045
153401	3.8085
153413	5.0450
153414	1.4425
153415	1.5620
153416	1.7335
153417	1.4790
153420	1.6365
153423	1.6335
153438	5.3025
153440	4.9585
153449	5.7315
153450	1.1805
153451	0.8595
153452	1.9735
153453	2.3875
153454	3.3330
153455	2.3720
153456	3.7620
153459	2.9865
153460	2.8970
153461	2.8915
153468	4.1480
153469	4.0405
153479	5.8225
153480	7.1210
153483	4.9685
153484	6.6735
153490	5.3455
153522	3.7155
153523	4.6360
153524	3.4485
153525	3.4825
153526	2.2860
153527	2.5345
153528	2.4840
153529	1.7200
153530	1.5850
153531	3.2805
153532	2.3860
153536	2.9685
153538	6.5580
153539	7.0020
153540	7.8685
153545	7.1000
153546	5.1905
153548	1.3520
153549	1.2000
153552	0.8040
153554	4.9995
153556	1.2010
153557	1.2030
153558	1.2025
153559	1.2005
153560	1.2005
153563	1.2015
153575	6.0130
153583	4.3545
153584	6.9850
153585	6.5980
153586	6.2910
153587	3.7775
153593	2.9110
153594	2.9110
153602	6.0960
153603	2.8390
153604	3.0245
153605	3.5455
153610	5.6670
153613	0.8195
153621	5.8120
153632	2.8490
153633	5.6295
153634	4.3735
153637	5.9375
153652	7.0465
153660	3.4595
153674	5.7265
153675	5.4255
153676	6.0715
153687	6.8235
153688	6.4805
153689	6.4290
153690	4.5825
153693	5.8665
153698	3.9730
153699	4.1315
153713	7.0280
153714	7.0620
153715	4.6285
153723	4.1075
153724	2.4860
153725	3.1730
153728	4.6690
153729	5.0705
153730	3.2640
153731	5.1220
153732	3.7225
153733	2.2055
153736	2.9225
153738	5.2685
153739	5.5040
153741	5.1340
153742	2.7050
153743	5.4915
153744	3.0580
153753	4.8270
153755	4.0080
153756	4.2075
153770	5.5520
153775	0.5920
153776	0.6535
153777	2.3535
153778	3.5145
153779	2.8300
153780	3.4895
153781	1.7420
153782	2.1295
153783	4.6685
153784	3.4370
153785	3.1615
153786	2.4070
153787	3.7890
153788	2.1465
153789	2.5540
153790	2.2135
153792	2.1095
153793	3.9750
153794	3.0690
153795	1.2225
153796	2.4315
153797	2.4565
153798	2.1120
153799	3.4240
153814	4.7685
153815	4.7530
153817	4.7470
153868	3.0600
153870	3.6655
153873	3.6415
153874	3.8765
153875	4.9380
153876	3.0795
153877	4.7290
153878	5.4970
153889	1.5795
153890	2.9485
153892	5.7390
153894	2.8950
153895	3.3405
153896	3.3625
153897	4.1465
153898	4.3145
153899	5.8705
153907	4.0530
153908	4.3425
153910	4.2870
153912	4.2885
153913	4.3665
153914	4.0210
153930	7.0570
153953	4.3055
153954	3.8235
153956	4.1165
153959	5.0590
153960	5.0520
153961	4.0565
153967	3.8720
153968	2.7165
153969	2.8190
153970	2.5750
153971	3.7870
153972	2.9160
153973	5.4615
153974	3.4995
153975	3.2755
153976	2.1510
153983	1.3200
153984	1.2000
153985	1.1995
153986	1.2025
153987	1.2000
154001	1.2035
154002	1.2035
154004	1.2080
154005	1.2030
154006	1.2095
154007	1.2840
154010	0.5070
154011	5.9680
154012	3.8935
154013	2.0120
154014	2.0120
154015	2.0115
154016	2.0125
154017	2.0120
154018	2.0100
154019	2.0110
154020	2.0135
154021	2.0130
154022	2.0120
154023	2.0125
154024	2.0130
154025	2.0120
154026	2.0130
154027	2.0125
154028	2.0120
154029	2.0125
154030	2.0130
154031	2.0125
154036	7.7940
154043	6.0905
154056	4.1855
154071	5.9045
154072	2.9670
154073	2.5670
154074	2.7595
154075	5.8450
154076	5.3595
154077	2.6885
154078	2.3440
154080	4.7840
154084	2.8615
154085	2.7815
154086	2.0890
154087	2.0770
154088	2.4860
154089	2.1475
154090	2.4175
154091	2.2605
154093	2.1810
154094	2.7520
154095	2.5745
154096	3.9655
154097	2.5295
154098	2.5190
154106	2.8440
154107	2.8505
154108	2.4320
154109	2.4465
154110	4.6530
154111	3.5675
154112	6.2475
154113	3.3600
154114	2.2415
154115	2.1080
154120	5.0830
154121	5.0915
154129	2.6470
154130	2.7695
154134	6.1015
154135	3.0745
154136	3.0580
154137	3.0565
154138	2.0970
154139	1.8200
154140	1.7960
154141	1.8085
154142	3.0220
154143	2.0335
154144	2.0350
154145	2.0305
154146	2.0325
154147	2.0290
154148	2.0260
154149	2.0195
154150	2.0325
154151	2.0280
154152	2.0230
154153	2.0180
154154	2.0170
154155	2.0310
154156	2.0285
154157	2.0280
154158	2.0215
154159	2.0265
154160	2.0180
154164	5.6160
154166	2.0110
154167	2.0120
154168	2.0090
154169	2.0085
154170	2.0070
154171	2.0095
154172	2.0090
154173	2.0075
154174	2.0080
154175	2.0075
154176	2.0080
154177	2.0085
154178	2.0100
154179	2.0090
154180	2.0090
154181	2.0075
154182	2.0085
154183	2.0065
154184	2.0085
154185	2.0075
154186	2.0075
154187	2.0070
154188	2.0070
154189	2.0070
154190	2.0115
154191	2.0115
154192	2.0100
154246	5.2115
154255	5.1790
154261	5.9855
154262	5.0455
154263	5.1190
154264	5.7610
154265	5.8045
154266	1.2265
154281	1.1100
154282	6.3615
154283	6.1530
154299	5.1835
154300	4.1075
154301	4.8270
154302	4.9120
154303	4.7815
154304	2.0565
154305	2.9205
154306	5.6485
154307	5.3535
154308	4.8640
154309	4.9260
154311	1.0725
154312	4.9990
154313	4.9665
154316	1.9125
154361	7.3435
154367	5.7590
154379	5.5640
154382	6.0390
154386	7.0590
154395	7.1420
154409	6.9640
154413	5.0910
154420	4.8610
154426	7.3175
154444	6.6155
154454	1.3195
154455	6.8985
154456	6.6360
154457	6.6150
154458	6.8805
154459	6.3250
154462	6.8475
154463	1.6515
154465	2.8425
154467	3.0170
154468	1.6860
154469	1.9060
154470	1.7920
154471	2.0115
154472	1.7360
154473	1.9395
154474	1.9165
154475	1.9350
154476	1.9300
154478	2.5370
154479	1.4675
154480	1.9845
154482	2.9895
154483	1.2310
154484	1.4740
154485	2.8210
154487	1.9295
154488	1.3505
154489	1.6210
154490	1.9090
154491	1.5870
154492	1.9200
154493	1.2740
154494	1.7660
154495	1.6630
154496	1.8985
154498	2.8505
154499	1.2680
154502	7.3170
154512	6.4595
154513	6.1805
154514	6.1920
154515	6.4405
154517	1.7900
154519	4.4405
154520	6.2195
154521	6.5135
154522	6.2365
154524	6.1160
154526	5.8880
154528	5.6055
154529	2.3250
154530	3.4550
154534	3.1365
154539	0.7540
154545	7.3120
154546	3.3650
154549	5.3730
154551	4.1330
154552	5.3280
154553	0.9090
154555	5.3645
154558	5.0260
154559	4.0130
154560	2.2615
154561	4.2380
154563	5.3580
154571	5.3860
154575	3.4470
154576	3.3275
154577	2.1390
154580	5.0365
154590	4.4935
154594	0.8615
154605	2.0030
154607	2.0020
154608	2.0030
154609	2.0055
154610	2.0050
154611	2.0050
154612	2.0060
154614	2.0060
154615	1.9965
154616	2.0125
154617	2.0080
154618	2.0125
154619	2.0090
154620	2.0125
154621	2.0115
154622	2.0140
154623	2.0085
154624	2.0075
154625	2.0080
154651	7.0375
154653	7.0445
154654	5.1070
154664	7.0430
154669	7.0475
154673	7.0375
154676	7.0400
154716	4.7360
154717	7.0950
154718	7.0555
154719	7.0455
154720	7.0550
154721	7.0735
154722	7.0460
154756	5.8620
154757	5.8335
154758	5.8445
154762	4.2095
154766	5.8615
154768	5.8035
154769	5.7805
154770	5.8345
154771	5.7210
154772	5.7230
154773	5.8560
154775	0.6170
154778	5.5170
154783	5.6980
154784	4.6845
154792	4.3765
154793	3.8270
154794	3.3355
154795	3.2385
154796	5.5755
154798	4.4045
154799	3.7560
154800	5.1385
154801	4.7555
154802	2.6980
154803	2.7355
154804	2.8890
154805	2.4495
154806	2.3200
154807	1.9670
154808	3.4040
154809	3.8350
154810	4.5650
154811	3.9970
154812	3.8355
154813	3.6965
154814	4.2060
154815	4.1900
154816	4.1975
154817	4.0530
154818	4.1715
154819	4.3065
154820	3.6740
154821	4.1780
154822	3.8910
154823	4.2430
154824	3.6560
154825	2.7810
154826	4.3310
154832	6.2000
154838	4.9400
154839	5.9950
154840	5.3280
154841	3.7450
154843	4.3650
154844	4.5990
154845	5.9555
154846	5.8110
154847	4.4465
154848	3.8685
154850	5.5560
154851	2.8545
154852	4.6360
154853	4.7550
154854	4.3035
154855	3.1940
154856	4.7500
154857	5.6960
154876	3.0325
154877	2.5795
154878	2.7935
154880	3.2060
154881	2.7070
154882	3.0370
154883	3.3035
154884	4.2395
154885	3.1775
154886	3.1950
154887	3.2595
154888	2.9940
154889	3.3155
154890	0.5790
154891	3.5280
154892	3.3750
154895	3.2130
154896	4.3340
154897	3.7035
154898	3.3975
154899	5.7215
154900	5.6320
154901	4.6360
154902	5.7370
154903	4.0510
154904	3.8600
154905	2.6235
154906	3.3810
154907	2.7600
154908	3.2840
154909	4.9615
154910	4.0480
154911	4.1510
154912	4.1840
154913	4.1730
154914	3.5755
154920	6.4560
154921	5.8840
154923	3.1395
154924	2.5240
154925	2.9635
154936	5.8465
154938	6.0735
154941	2.7290
154942	2.4840
154943	3.4670
154944	2.4965
154945	2.4045
154946	2.4700
154947	3.7705
154948	3.0580
154949	3.5605
154950	3.6410
154951	3.8405
154952	3.1760
154953	2.8560
154954	3.0895
154955	2.9235
154956	2.9595
154957	4.7810
154958	2.7970
154959	3.1135
154962	7.3510
154963	2.8500
154964	4.4595
154965	4.2860
154966	5.5580
154967	4.7485
154968	3.9965
154969	1.4450
154970	1.6780
154972	3.1660
154973	2.8455
154974	1.7820
154975	3.2005
154977	3.1400
154978	2.7630
154979	5.7810
154981	5.6780
154983	4.5380
154985	5.3625
154986	4.4410
154987	4.3740
154988	5.2305
154989	6.0080
154990	4.0895
154991	6.0750
154992	6.0745
154994	6.0860
154995	6.0845
154996	3.7265
154997	4.2255
155001	2.1610
155002	7.0520
155006	4.3040
155007	2.5290
155010	1.4080
155012	4.0775
155014	2.9925
155015	2.8215
155016	4.2845
155017	4.1945
155018	4.2545
155019	4.4405
155020	4.2100
155021	3.7685
155036	1.2010
155037	1.2015
155040	1.2960
155041	1.2225
155042	1.1985
155043	1.2300
155044	1.2110
155045	1.2125
155046	1.1685
155047	1.2060
155048	1.2115
155104	1.1685
155111	4.8195
155112	6.5315
155124	5.2050
155146	5.8145
155155	5.6650
155169	1.9695
155181	7.3210
155184	3.1125
155185	2.6125
155186	2.9040
155187	2.7475
155188	2.7120
155189	3.4000
155190	3.4985
155191	2.9200
155192	2.7170
155193	4.1365
155196	4.3345
155197	3.7760
155198	3.9205
155200	5.3170
155201	5.3050
155202	3.3920
155203	3.4330
155204	4.4210
155205	3.4135
155206	5.5900
155207	4.8110
155208	5.3760
155210	5.6685
155211	5.5590
155214	5.6840
155215	5.0995
155216	5.6895
155224	6.8790
155226	4.1330
155246	6.7015
155255	6.7315
155257	6.7500
155265	5.0840
155266	5.0630
155267	3.4195
155268	4.0650
155269	5.4455
155271	6.2590
155274	5.1225
155275	5.3290
155276	4.0020
155277	4.0055
155278	4.1600
155280	5.9965
155286	5.6315
155287	3.3780
155289	5.5135
155294	5.3740
155300	4.9390
155301	5.4130
155302	5.2695
155325	5.5810
155327	6.6525
155329	6.7180
155331	6.5585
155332	6.6475
155333	6.6085
155334	6.5395
155336	6.7400
155338	6.3545
155339	6.4585
155340	6.1650
155341	6.2775
155349	6.4705
155350	6.5950
155351	6.6165
155353	6.5655
155354	6.6325
155364	3.3885
155376	6.4995
155380	5.7350
155387	5.7035
155388	5.6780
155389	6.4725
155410	6.1290
155415	6.2280
155416	6.2310
155424	4.2785
155438	1.7700
155441	3.3265
155450	3.2600
155454	4.1830
155455	4.1730
155456	4.1550
155457	4.1310
155458	4.1320
155459	4.1375
155460	4.1435
155461	5.1305
155462	5.0865
155464	5.1445
155465	5.1365
155468	5.7255
155469	5.7080
155470	4.7665
155471	5.6845
155472	5.5975
155482	5.4270
155498	7.3445
155525	6.3945
155533	7.3460
155544	4.5275
155547	4.6690
155549	5.2450
155550	4.7890
155554	3.8840
155555	3.6915
155556	4.2920
155557	5.4675
155563	7.3520
155587	4.1255
155588	5.5385
155591	5.8345
155594	5.5715
155598	7.1500
155603	4.1970
155604	7.6315
155610	7.3475
155634	4.7800
155635	5.3795
155636	4.6210
155637	4.6185
155638	5.0315
155639	4.7590
155640	5.0215
155642	5.0895
155643	4.3205
155647	4.3785
155659	2.0085
155661	2.0100
155662	2.0105
155663	2.0105
155664	2.0080
155665	2.0110
155666	2.0110
155667	2.0110
155668	2.0110
155669	2.0095
155670	2.0115
155671	2.0095
155672	2.0100
155673	2.0085
155675	2.0095
155676	2.0105
155677	2.0090
155678	2.0100
155679	2.0090
155680	2.0105
155682	2.0085
155683	2.0090
155684	2.0075
155685	2.0085
155686	2.0105
155687	2.0095
155688	2.0075
155689	2.0075
155690	2.0090
155691	2.0105
155692	2.0080
155693	2.0085
155694	2.0090
155695	2.0100
155696	2.0105
156199	4.2080
156200	4.7415
156205	3.9965
156244	6.6030
156255	1.5170
156272	1.4280
156273	1.4870
156291	3.0880
156293	3.9790
156295	5.6795
156296	6.2855
156305	7.3405
156306	1.1485
156316	4.3740
156336	4.4355
156338	4.2365
156350	7.3470
156381	7.3490
156382	7.3430
156383	7.3460
156385	7.3140
156390	5.3450
156391	3.4605
156392	3.0045
156404	2.5380
156405	4.4005
156406	4.4260
156411	7.3460
156412	7.3470
156424	5.0735
156427	4.5495
156428	4.1110
156430	4.5395
156431	4.5205
156432	4.5575
156433	4.5445
156461	2.4330
156462	7.3375
156463	3.3355
156474	1.3890
156475	3.9120
156476	3.0510
156477	6.5225
156479	3.2840
156480	3.3765
156482	3.6025
156483	6.8640
156486	6.7510
156487	6.7515
156488	6.7410
156489	6.3840
156490	6.7360
156491	4.5110
156492	5.1375
156493	6.5350
156494	6.8735
156495	6.8675
156501	7.3475
156506	4.3845
156511	3.2980
156512	3.0335
156514	5.4580
156515	5.0875
156517	5.1705
156518	5.1735
156519	2.0815
156520	3.8495
156521	5.0580
156522	4.1505
156523	5.5075
156524	6.5780
156525	6.5705
156526	6.5560
156527	5.1995
156528	2.4290
156529	3.3960
156533	5.1775
156541	7.3550
156542	4.8405
156543	4.9095
156545	3.3600
156546	4.0625
156552	0.6615
156553	0.8410
156560	2.0455
156563	6.4215
156565	6.4400
156566	6.4305
156567	6.4415
156605	7.3545
156618	2.6860
156623	2.4665
156624	1.6565
156633	1.5140
156634	5.3450
156635	1.0535
156637	5.3290
156639	1.0450
156641	5.4045
156652	5.0820
156658	2.8960
156667	4.0555
156670	3.0825
156671	4.3305
156672	5.2255
156673	1.7990
156674	2.1030
156675	3.3475
156676	4.8650
156677	4.8975
156681	2.9930
156682	3.3820
156683	3.3895
156684	3.6195
156685	1.6955
156686	4.2070
156688	4.5025
156693	5.4210
156694	5.2085
156695	6.1970
156696	4.7180
156698	5.5950
156715	6.7695
156721	7.3190
156723	8.0745
156724	8.0640
156726	8.0660
156727	8.1730
156728	7.4805
156729	8.0505
156733	7.5750
156734	5.8220
156736	7.5985
156738	6.8615
156739	5.6730
156741	3.3780
156742	7.6110
156745	6.6235
156746	7.1025
156747	5.3510
156748	6.9880
156752	4.2460
156754	5.5140
156755	5.4995
156756	6.3750
156757	6.5035
156758	6.5855
156759	6.4190
156760	6.7425
156761	6.4530
156764	6.5850
156765	6.6510
156766	7.2480
156767	0.9220
156768	7.2390
156769	7.1350
156770	7.0725
156778	7.2835
156784	4.6255
156787	1.6480
156788	1.9245
156790	5.0345
156791	3.7930
156792	3.2535
156794	3.9545
156795	4.6930
156796	3.3830
156798	5.1770
156804	2.5355
156806	2.9510
156816	3.5620
156818	2.9845
156819	6.2660
156821	2.5335
156823	6.2650
156824	2.2800
156825	3.2625
156826	6.0905
156827	5.0700
156828	2.9320
156829	3.2725
156880	7.3410
156881	7.0600
156887	6.8430
156890	6.4000
156895	3.3360
156899	6.7895
156900	3.7185
156901	6.0340
156902	3.2670
156903	5.3785
156904	4.1110
156905	7.4020
156906	6.3090
156907	7.4890
156908	7.3175
156909	7.0245
156910	5.6765
156922	2.0236
156923	2.0186
156924	2.2222
156926	3.4968
156927	2.7880
156928	2.7686
156929	2.7726
156930	2.7560
156931	2.7682
156932	2.7486
156933	2.7568
156934	2.8406
156935	3.0556
156936	2.6768
156937	2.9350
156938	2.9582
156939	3.1404
156940	2.6884
156941	2.9512
156942	2.8826
156943	3.8994
156944	2.3694
156945	2.3696
156946	2.3962
156947	2.3990
156948	2.4816
156949	2.3742
156950	2.4234
156951	2.4668
157031	1.0425
157032	1.0010
157033	0.9985
157034	0.9890
157035	0.9815
157036	0.7530
157040	4.8480
157045	4.6185
157085	5.2115
157086	5.1385
157092	5.2115
157107	4.5080
157139	3.3910
157141	5.2180
157142	5.5160
157165	1.5665
157166	1.5835
157167	1.6125
157168	5.7405
157170	3.2300
157171	3.0425
157172	1.1250
157173	1.1295
157174	2.6155
157175	3.6335
157176	2.8490
157177	3.0625
157178	3.2145
157179	2.6805
157180	3.3170
157187	2.1365
157190	4.7205
157191	4.4515
157200	8.1590
157201	8.7305
157204	7.7275
157205	6.9600
157206	9.0155
157207	7.8670
157208	8.0780
157209	7.8995
157210	7.9665
157211	7.7330
157212	7.5365
157213	7.6485
157214	8.0380
157215	9.0075
157217	6.6390
157228	7.3100
157240	4.3165
157242	5.4780
157244	3.9425
157245	1.7955
157246	5.0035
157247	3.7305
157249	3.4555
157257	7.3410
157282	7.3245
157283	0.6870
157297	5.9380
157299	4.7195
157300	4.2735
157301	4.5105
157302	4.4585
157305	5.3750
157306	6.3790
157307	6.0125
157309	4.0450
157310	5.5830
157311	5.4405
157312	5.7355
157315	5.5365
157316	6.0040
157317	5.8170
157319	6.6690
157320	6.3575
157322	5.6175
157368	5.0700
157371	6.0535
157375	6.0160
157380	3.1320
157383	2.7100
157384	3.1835
157385	3.1365
157386	3.3345
157388	1.7815
157389	3.1700
157390	2.3550
157392	2.8325
157393	2.9240
157394	2.2050
157395	3.4730
157398	5.8265
157403	5.3300
157405	4.6175
157406	1.7045
157419	5.8755
157421	5.6795
157422	5.4190
157423	6.0440
157425	4.7265
157426	4.9255
157427	4.9370
157430	5.3245
157434	6.5435
157441	0.5035
157442	0.6285
157443	0.6240
157444	3.6000
157445	3.0645
157446	3.0100
157447	2.8170
157448	4.0950
157449	3.9060
157450	2.4800
157451	2.9440
157452	2.3740
157453	3.0980
157454	3.2645
157455	3.2560
157456	2.9010
157457	3.6460
157459	3.0710
157460	3.8365
157461	7.0575
157462	4.6645
157463	2.6065
157465	2.5905
157466	2.4990
157467	2.7765
157468	2.7725
157469	2.4870
157470	3.1375
157472	2.6925
157473	4.0515
157480	7.3180
157481	3.8675
157491	3.4265
157492	5.2905
157493	4.3730
157497	5.4990
157517	7.3115
157522	5.4705
157526	2.0635
157531	2.5265
157532	5.5080
157533	5.8455
157538	6.0625
157539	5.4260
157540	6.3290
157541	5.7425
157543	5.7045
157544	2.6270
157546	5.3190
157561	4.9135
157563	1.0785
157569	1.2000
157570	1.2025
157581	0.7405
157582	0.6995
157583	1.2820
157653	5.1130
157659	5.1610
157660	7.3500
157662	4.7695
157663	7.1845
157670	4.6560
157688	2.9620
157689	4.3425
157690	2.8995
157691	2.9630
157692	4.5765
157693	3.4815
157695	3.3905
157696	4.7215
157697	4.7185
157698	4.7000
157701	2.1680
157702	4.4740
157703	3.0435
157711	4.5515
157712	4.5835
157721	7.3115
157722	0.7795
157775	7.3415
157776	1.6725
157778	1.3425
157779	1.9310
157780	6.5865
157781	6.5780
157786	3.9000
157788	6.0300
157789	6.7465
157790	4.5875
157791	6.6855
157792	6.7605
157794	7.0855
157795	6.7635
157796	6.7820
157797	7.1025
157798	7.1045
157799	5.9410
157800	7.0790
157803	5.3140
157810	6.0365
157812	1.3030
157813	7.0565
157815	3.6620
157816	4.7825
157818	6.6135
157820	4.7030
157821	5.0280
157822	2.8070
157823	5.8365
157824	4.3675
157825	3.8070
157826	2.3650
157827	7.0480
157828	3.3145
157829	2.9870
157830	3.0830
157831	2.5915
157832	2.8740
157833	2.3760
157834	2.9195
157835	5.7360
157836	7.0625
157837	4.7080
157838	5.4905
157839	5.5755
157840	3.8000
157841	7.0545
157842	4.2180
157843	2.7700
157844	3.1235
157845	2.7305
157846	0.6165
157847	0.5850
157848	0.5870
157849	0.5920
157852	0.5830
157856	7.3690
157857	5.1060
157859	6.0540
157860	5.5080
157861	3.5345
157862	7.0530
157863	4.1315
157865	4.3430
157866	2.6365
157867	4.4710
157869	5.5350
157870	3.5465
157871	3.8405
157873	3.6405
157874	3.5875
157875	6.7595
157876	6.8345
157877	6.7615
157878	5.9065
157879	7.0940
157881	6.3315
157882	5.3900
157883	5.4995
157884	5.4110
157885	6.7495
157886	5.2340
157887	7.1835
157888	6.5370
157889	6.7630
157890	7.3385
157897	6.1285
157929	0.7290
157946	5.3875
157969	7.0255
157973	7.0315
157977	7.0330
157979	7.0345
157980	7.0325
157981	7.0340
157982	7.0325
157984	7.0285
157986	7.0275
157995	7.0540
157998	7.0565
157999	7.0530
158000	7.0700
158001	7.0735
158003	7.0540
158004	7.0670
158005	5.5135
158007	4.0850
158009	5.8135
158010	5.8790
158014	3.5065
158015	4.1840
158018	5.6465
158020	5.5740
158022	3.9090
158023	5.1875
158029	6.9595
158034	4.3695
158071	6.6705
158073	6.4965
158074	6.6330
158075	6.6215
158077	6.5740
158078	4.9775
158079	5.6780
158080	6.5970
158081	6.3740
158082	6.5805
158083	6.5710
158084	6.3640
158089	6.2665
158090	6.2975
158091	6.2710
158096	6.5675
158097	5.5710
158098	5.8020
158099	6.4390
158100	6.4880
158101	6.2525
158102	5.6335
158103	6.3095
158105	6.5460
158107	6.3315
158112	6.4420
158113	5.3805
158114	6.4575
158116	6.4640
158117	4.9590
158118	4.9655
158119	4.2830
158120	6.4290
158122	6.6440
158123	6.4035
158124	5.7605
158125	6.4525
158130	7.3020
158136	4.6440
158137	4.9540
158139	4.5135
158159	4.8910
158174	7.3350
158175	2.0185
158176	2.0305
158177	2.0320
158178	2.0245
158179	2.0305
158180	2.0320
158181	2.0275
158182	2.0275
158183	2.0320
158184	2.0290
158185	2.0220
158186	2.0255
158187	2.0285
158188	2.0300
158189	2.0305
158190	2.0330
158191	2.0340
158192	2.0355
158193	2.0280
158194	2.0295
158195	2.0280
158196	2.0290
158197	2.0315
158198	2.0210
158199	2.0315
158200	2.0320
158201	2.0320
158202	2.0210
158203	2.0280
158204	2.0300
158205	2.0305
158206	2.0310
158207	2.0265
158208	2.0270
158291	6.0240
158292	2.0355
158296	4.2960
158297	5.6670
158299	3.4440
158300	3.1345
158301	3.6645
158302	4.5365
158303	5.9100
158328	5.7030
158334	5.8950
158335	6.6565
158336	6.6635
158338	0.9985
158339	0.9930
158340	0.9980
158341	0.9820
158342	1.0145
158344	4.2595
158348	6.3555
158350	6.0710
158351	6.3555
158352	6.6505
158353	6.6385
158354	6.6465
158357	6.6550
158358	6.6705
158365	4.2580
158367	4.4645
158368	3.2625
158369	4.3755
158373	3.0210
158378	2.4445
158379	5.0140
158382	2.9970
158383	4.1415
158384	2.7935
158387	2.6865
158389	4.4100
158390	4.6585
158398	5.1860
158399	5.1870
158401	4.0935
158402	1.8405
158407	5.2240
158408	5.2290
158409	5.2810
158410	1.8830
158418	5.1895
158419	4.9015
158420	5.2735
158422	3.3660
158424	2.8040
158425	1.5195
158427	4.3495
158429	5.3490
158430	4.9925
158431	3.1750
158432	4.1615
158433	4.9790
158434	5.0155
158439	4.7570
158443	5.5460
158447	5.0025
158448	4.9990
158451	4.9360
158452	4.9375
158453	4.9370
158456	5.1620
158460	5.1015
158461	5.0645
158462	5.0985
158463	5.0930
158464	1.8815
158465	4.5100
158466	4.2470
158472	5.0165
158473	4.4060
158474	4.9515
158475	5.0090
158476	5.0025
158477	5.0060
158478	4.9815
158479	4.9985
158480	5.0205
158481	5.0165
158482	5.0190
158483	5.0140
158484	4.9955
158485	4.9855
158486	5.0090
158487	5.0365
158488	5.0020
158489	5.0395
158490	4.9885
158491	5.0265
158492	4.9600
158493	5.0340
158494	4.9685
158495	5.0310
158497	4.4205
158498	4.4630
158503	3.6105
158510	5.8855
158511	5.9975
158516	1.0840
158523	7.0250
158524	7.0205
158528	7.0215
158536	7.0265
158552	6.9290
158575	7.7955
158581	5.8965
158588	7.3395
158614	5.4895
158622	5.2625
158623	5.2525
158625	5.2640
158630	7.3435
158632	4.6585
158639	3.8250
158650	2.7935
158652	6.9410
158653	7.3475
158671	7.3105
158740	0.8610
158753	5.1275
158759	7.3430
158765	1.0920
158773	0.9055
158785	5.4590
158786	5.4540
158788	5.8435
158798	7.3470
158799	5.4285
158801	6.2480
158802	6.3580
158807	6.1975
158808	6.2990
158809	6.3550
158810	6.2695
158812	5.3375
158813	6.1250
158814	6.1370
158815	5.5010
158820	3.3275
158826	3.4730
158840	0.9095
158841	1.4840
158842	3.8195
158843	2.0115
158844	2.0100
158853	1.2040
158857	1.2010
158863	1.2015
158870	1.2085
158884	1.8600
158887	1.3350
158889	0.7525
158890	1.3165
158891	1.2180
158892	2.2285
158893	1.8705
158910	7.3505
158928	3.7850
158930	4.1455
158931	4.0260
158932	4.5750
158935	4.3660
158937	4.1310
158938	4.6145
158941	4.0335
158990	5.2595
158998	5.2865
158999	4.4035
159000	5.2845
159022	7.0135
159023	7.0155
159025	6.0215
159029	3.4145
159030	3.5120
159031	4.0940
159032	3.7850
159035	2.3500
159036	2.2125
159037	2.7300
159038	2.8645
159039	2.0075
159040	2.0075
159041	2.0085
159042	2.0065
159043	2.0075
159044	2.0085
159045	2.0085
159046	2.0080
159047	2.0065
159048	2.0080
159049	2.0070
159050	2.0080
159051	2.0065
159052	2.0065
159053	2.0060
159054	2.0065
159055	2.0075
159056	2.0060
159057	2.0060
159058	2.0085
159059	2.0070
159060	2.0060
159061	2.0070
159112	4.8970
159143	1.6860
159144	4.0270
159145	2.5515
159146	2.6770
159148	4.5995
159151	5.6195
159152	3.0195
159153	3.1810
159154	1.6200
159155	3.2895
159156	3.6435
159157	3.1120
159158	4.4575
159159	4.3685
159160	1.4540
159162	1.3505
159169	1.7410
159171	3.2695
159185	5.4550
159186	3.8870
159195	5.8805
159196	6.0485
159203	5.9355
159204	6.6585
159205	5.9780
159206	4.8840
159208	6.6590
159209	5.7125
159212	5.7765
159213	5.0885
159214	7.0375
159215	4.5725
159216	5.4145
159217	5.7330
159218	5.7665
159220	5.6820
159221	5.6845
159223	5.7365
159224	5.7500
159225	5.7900
159226	5.7365
159227	5.9560
159228	7.0420
159230	7.0360
159241	7.3475
159246	4.3775
159247	4.3560
159252	4.3645
159259	4.3850
159260	4.3795
159266	6.4770
159285	5.6160
159317	1.4745
159326	6.4880
159327	6.4280
159328	6.4420
159329	6.2010
159330	4.1255
159331	4.7980
159332	6.4145
159333	5.3445
159334	4.4025
159335	4.2145
159336	2.4645
159337	6.6710
159338	6.5675
159340	0.8065
159341	1.2420
159342	0.8780
159343	6.3465
159344	5.0465
159345	6.5420
159346	6.5250
159347	6.5345
159348	6.5180
159350	5.3500
159356	4.3265
159364	4.0185
159368	5.7945
159369	1.6255
159370	5.7085
159372	5.9595
159373	3.8330
159374	1.1370
159378	3.8765
159380	3.7550
159381	4.2940
159382	3.9830
159383	3.8695
159384	3.4985
159396	5.5450
159397	5.5345
159399	3.2255
159403	4.5770
159404	7.3680
159405	3.6495
159406	7.2485
159407	7.2675
159408	7.2385
159409	3.1395
159410	3.1235
159411	2.7230
159412	2.5815
159413	7.2535
159414	7.1070
159415	7.0580
159417	7.1230
159418	6.1075
159419	6.2895
159420	2.8080
159421	7.0750
159422	7.2760
159424	5.2545
159425	2.6920
159426	6.0705
159427	2.5530
159428	2.4025
159429	6.5400
159430	2.6455
159431	2.6385
159433	2.7115
159434	6.0050
159435	6.4950
159436	6.5595
159439	6.0025
159440	5.0630
159441	6.1575
159459	3.9580
159466	4.5550
159481	2.6240
159483	2.0105
159484	2.0110
159485	2.0075
159486	2.0075
159487	2.0095
159488	2.0080
159489	2.0090
159490	2.0100
159491	2.0100
159492	2.0075
159493	2.0100
159494	2.0105
159495	2.0100
159496	2.5580
159497	2.0115
159498	2.0115
159499	2.0095
159500	2.0095
159501	2.0105
159502	2.0105
159503	2.0110
159504	2.0080
159505	1.5075
159506	1.5075
159507	1.5090
159508	1.5075
159509	1.5115
159510	1.5075
159511	1.5105
159512	1.5080
159513	1.5065
159514	1.5085
159515	1.5080
159516	1.5115
159517	1.5090
159518	1.5110
159519	1.5085
159520	1.5080
159521	1.5090
159522	1.5075
159523	1.5080
159524	1.5075
159538	5.5625
159542	5.4185
159544	5.4540
159545	5.2830
159546	5.0870
159550	2.7220
159551	5.4100
159553	4.9600
159562	5.3945
159567	1.5305
159568	2.4490
159570	1.4585
159579	2.2325
159586	4.3185
159587	3.8095
159590	5.4730
159593	4.2680
159595	4.9700
159604	5.0950
159606	5.0755
159610	2.7345
159612	3.4955
159615	2.7960
159616	3.3125
159617	3.4090
159618	3.4395
159619	3.0000
159620	1.7895
159622	3.0115
159633	6.3335
159635	6.2320
159677	1.2060
159678	1.2505
159679	1.1960
159681	1.1970
159683	1.1990
159687	1.2000
159689	1.1980
159692	1.1970
159693	1.1980
159695	1.1985
159696	1.1975
159697	1.1975
159698	1.1980
159699	1.1980
159702	1.1995
159705	1.1975
159709	7.3410
159734	6.5760
159739	5.5975
159743	6.0645
159744	6.5350
159745	1.6885
159746	1.0885
159747	2.6540
159755	5.3450
159756	2.5090
159757	3.7785
159758	6.1580
159759	5.0780
159761	4.3800
159762	7.0510
159763	3.5485
159764	3.7120
159765	4.0785
159766	5.2260
159767	4.5670
159768	3.8595
159769	5.6220
159778	7.3280
159779	4.3745
159780	3.3295
159781	3.3155
159782	3.5390
159783	1.9780
159784	7.0510
159785	4.4095
159786	2.5150
159787	2.3080
159788	2.4330
159789	5.5095
159797	5.0490
159798	2.5990
159799	5.6300
159800	5.8385
159801	4.4365
159802	4.6300
159803	4.5065
159804	2.2540
159805	7.0435
159806	7.0430
159809	7.0485
159812	4.1795
159818	7.3140
159819	5.4540
159820	5.2590
159821	4.1700
159822	5.0865
159825	3.9015
159826	7.0715
159830	5.9665
159833	4.3930
159834	5.1755
159982	4.9275
159985	6.4925
159988	5.0880
159996	5.1495
160003	2.4080
160004	3.5945
160012	5.9725
160018	3.8020
160024	3.9620
160025	3.2985
160026	3.7395
160036	5.3830
160039	2.2150
160041	3.4505
160044	1.9685
160045	4.3655
160046	1.6045
160056	2.8465
160057	4.1655
160071	1.1545
160076	3.9610
160085	1.7175
160093	7.0500
160094	3.6560
160095	4.0625
160096	7.0495
160098	4.4780
160100	5.4320
160101	3.5265
160105	5.1415
160106	2.7385
160107	5.5865
160108	2.8035
160117	6.2465
160121	3.1630
160128	5.4960
160129	2.3940
160130	6.1420
160137	6.1935
160140	2.9725
160142	2.0875
160143	2.5045
160144	2.0620
160146	2.9945
160148	4.7065
160149	5.1240
160151	7.0590
160152	6.5270
160153	5.0300
160158	4.4660
160160	3.7355
160164	3.7390
160165	3.1860
160166	4.4860
160167	3.8775
160168	6.1075
160170	4.8100
160172	3.7055
160175	0.6740
160176	0.6095
160181	4.1275
160185	7.3560
160186	4.1105
160187	4.5905
160189	4.8115
160190	4.3415
160191	4.2735
160192	4.4395
160193	4.0630
160194	3.3050
160195	2.8575
160196	3.3620
160197	4.2380
160198	4.5395
160199	4.0720
160200	3.9745
160201	3.9180
160202	3.6495
160203	3.8640
160204	4.1225
160205	3.8205
160206	4.0840
160207	3.4910
160208	4.1910
160209	4.2220
160210	3.9080
160211	3.0110
160212	3.0110
160213	3.0120
160214	3.7070
160215	3.5395
160216	3.8065
160217	3.8770
160218	4.2220
160219	3.7745
160220	4.4285
160221	3.3635
160222	4.0490
160223	4.0990
160224	2.5110
160226	3.7420
160237	7.3125
160261	1.5680
160263	1.8380
160264	1.7720
160265	1.7645
160281	7.3090
160284	5.4180
160289	4.8795
160293	2.1300
160299	5.2500
160300	5.4045
160302	4.1970
160305	4.4245
160307	5.0335
160320	3.8625
160321	4.6115
160322	5.2290
160325	4.4440
160337	3.9585
160338	2.8255
160352	3.6440
160353	5.5275
160359	6.0405
160360	5.9890
160361	3.1120
160363	5.8890
160364	3.1200
160366	3.1395
160368	6.0370
160373	5.6305
160375	5.1060
160376	4.6130
160377	4.6090
160378	0.8210
160379	4.6305
160380	4.6040
160381	4.6180
160382	4.6000
160402	6.6255
160403	6.4125
160440	5.2510
160448	4.9230
160462	5.5710
160483	7.3525
160495	5.9335
160496	5.8510
160501	3.2540
160506	5.9830
160507	5.8390
160512	6.0520
160517	7.3430
160519	5.0940
160530	5.7375
160531	5.8655
160532	5.5200
160535	1.3210
160536	5.3205
160537	5.3815
160539	2.9230
160540	5.3195
160541	5.3535
160543	5.4535
160559	5.4885
160560	5.3300
160561	5.1430
160587	6.2660
160588	6.3460
160589	6.9645
160591	6.8900
160592	6.5320
160594	6.0785
160599	7.3535
160600	5.5785
160601	4.0995
160603	3.0165
160604	3.0220
160605	3.1935
160606	3.0110
160607	3.0100
160608	3.0075
160609	3.0060
160610	3.0185
160613	3.0065
160614	3.0050
160615	3.0070
160616	3.0060
160617	0.5220
160618	3.0070
160619	3.0065
160620	3.0070
160621	3.0125
160622	3.0140
160623	0.5365
160624	3.0090
160625	3.0090
160626	3.0070
160627	3.0090
160631	7.3470
160634	7.0110
160636	5.8560
160637	5.8365
160639	5.8410
160641	5.8725
160642	5.8840
160643	5.8765
160644	5.8425
160648	5.8150
160649	5.8225
160650	5.8360
160651	5.7885
160653	5.8670
160654	6.0950
160655	6.0800
160656	5.9470
160658	6.0530
160659	6.0955
160664	6.8620
160668	7.0280
160671	7.0270
160676	4.8340
160678	7.0285
160679	7.0280
160699	5.1035
160701	5.9030
160709	5.1840
160722	5.7310
160775	6.0800
160778	5.4945
160779	5.5015
160780	5.4855
160781	5.4780
160782	5.5080
160783	5.5130
160816	3.4180
160818	2.8825
160820	5.3375
160821	4.8460
160822	5.7710
160824	5.5715
160825	5.5775
160826	5.7745
160827	3.7675
160828	0.7040
160830	4.2870
160831	4.5595
160832	5.9200
160833	3.0850
160834	5.7720
160835	5.9595
160838	4.3635
160839	3.8285
160849	7.3220
160851	6.2850
160853	5.8255
160855	4.2985
160857	2.0260
160858	4.8240
160859	2.0140
160860	6.1745
160861	6.2545
160864	6.2280
160865	6.3965
160866	6.1140
160868	6.0740
160870	6.1885
160871	6.0935
160873	6.0665
160874	6.0145
160875	6.2535
160877	6.1110
160878	4.5645
160879	5.8810
160880	6.1360
160882	4.1690
160883	4.1440
160885	4.5150
160890	6.7305
160891	5.1875
160892	4.3030
160893	6.1495
160896	6.1735
160898	3.4145
160909	3.5920
160916	5.4315
160922	1.8600
160946	6.4565
160960	7.3145
160978	1.4125
160979	4.8100
160993	7.3450
160998	5.0530
161000	5.5195
161001	4.8805
161010	5.0895
161014	4.7590
161025	7.3460
161026	4.2315
161029	2.7465
161031	2.5975
161045	0.9470
161046	0.6640
161047	1.9450
161048	1.4590
161063	7.3470
161068	7.5565
161069	7.5580
161070	7.5510
161071	7.5350
161072	7.5500
161073	7.5495
161074	7.5490
161075	7.5465
161076	7.5500
161077	7.5520
161082	4.5145
161101	7.3640
161112	7.4255
161113	7.4250
161120	0.6155
161126	1.6935
161128	2.3075
161130	1.0795
161131	0.8465
161135	7.3460
161180	1.0150
161181	1.0490
161182	1.0005
161183	0.9335
161184	0.9415
161185	0.9560
161186	0.9620
161187	0.9805
161189	0.9245
161190	1.0890
161191	1.1345
161192	0.7050
161193	0.6665
161194	0.8805
161195	0.9155
161200	6.1590
161201	6.2080
161204	5.5190
161205	5.5235
161206	5.5165
161207	6.4045
161213	6.8770
161214	6.8735
161217	6.9480
161224	6.4260
161225	6.1545
161226	4.4240
161227	4.0930
161228	5.0935
161229	6.5760
161230	6.5810
161231	6.3695
161232	6.3475
161234	5.8240
161235	6.7525
161236	6.7595
161237	4.1500
161238	5.1205
161239	6.7395
161240	2.4160
161241	3.3205
161242	2.4805
161243	3.9225
161244	3.4320
161245	2.8015
161246	3.6590
161247	2.2300
161278	1.6125
161279	2.0950
161281	1.8670
161282	1.8125
161288	3.3515
161289	3.7030
161290	2.9960
161293	3.7935
161296	3.6735
161297	4.3435
161298	4.9470
161299	4.7830
161301	3.2380
161302	3.3185
161303	0.7420
161315	3.9250
161316	1.7245
161318	2.1895
161323	3.7300
161324	5.0360
161325	4.6765
161326	4.4660
161327	1.4020
161328	3.1835
161330	2.5500
161332	2.5585
161334	1.4400
161337	3.3295
161338	3.0075
161339	1.6615
161340	1.6990
161341	2.1410
161355	5.0660
161362	2.4760
161363	0.9950
161365	1.9915
161366	1.4585
161368	2.1890
161369	1.5110
161375	2.5915
161396	4.1540
161419	2.6490
161427	4.7845
161428	3.5785
161429	3.7030
161430	3.5990
161431	3.8225
161432	3.1375
161433	4.1135
161434	4.1330
161435	3.8240
161436	5.1450
161439	4.2325
161440	5.0850
161441	4.3855
161442	3.8855
161443	3.6465
161445	4.2240
161451	3.7295
161457	3.5870
161490	7.3355
161534	7.3375
161542	6.1900
161543	6.1910
161544	6.6705
161547	6.6900
161563	4.3290
161569	3.4665
161570	3.3840
161571	2.6060
161572	2.3585
161573	2.7535
161574	2.3770
161575	3.2940
161585	5.2590
161589	4.4695
161594	3.1260
161606	3.4280
161616	5.2350
161617	4.9550
161632	0.5440
161634	3.0650
161715	5.0895
162163	3.8035
162207	6.8525
162210	6.4545
162211	1.8110
162218	6.8470
162223	4.3405
162239	5.9850
162259	5.9070
162270	7.0325
162271	3.7045
162272	5.8855
162273	4.9205
162274	2.4945
162275	3.5565
162277	2.7240
162286	5.5090
162288	5.6580
162289	0.5000
162290	4.0425
162295	6.1905
162310	2.1300
162311	4.8930
162315	3.6300
162332	7.0795
162334	6.8240
162338	0.6395
162339	0.5985
162340	4.3110
162341	7.2215
162342	4.3695
162345	5.8175
162353	0.5805
162354	4.8990
162398	6.8320
162401	2.8185
162417	3.9070
162418	1.6540
162420	5.5350
162421	4.1870
162423	2.2355
162427	4.8240
162428	3.9525
162429	4.0045
162430	4.0280
162432	4.2290
162433	4.0880
162438	7.0775
162440	7.0605
162456	4.2275
162457	0.9445
162458	4.9055
162459	5.2495
162460	4.8755
162461	3.8425
162462	1.4560
162463	4.7220
162465	5.0570
162466	5.1725
162467	5.3530
162468	5.3055
162469	5.1840
162470	5.2515
162482	7.0985
162483	3.8725
162484	4.0570
162485	4.2275
162486	3.9425
162487	4.2245
162488	4.1155
162490	4.3530
162491	4.0460
162492	7.0455
162493	7.7025
162496	7.0365
162497	8.0170
162498	7.4880
162519	7.1360
162538	4.2835
162539	4.5165
162541	4.1845
162542	4.7895
162544	4.8685
162545	5.6145
162547	3.2950
162553	6.4295
162554	6.4590
162555	6.4435
162692	3.3950
162694	3.5185
162705	6.9485
162714	1.4830
162720	6.0870
162721	6.1610
162726	5.5520
162741	6.9615
162776	7.0790
162791	4.9690
162792	4.5090
162794	4.1385
162806	2.2165
162808	2.9950
162809	1.8115
162810	5.9500
162816	4.5875
162817	4.0625
162818	4.7420
162819	2.5045
162820	4.4200
162821	5.6285
162822	3.2825
162823	4.4735
162824	2.5065
162825	4.9110
162826	5.4185
162827	3.9745
162828	5.8475
162829	3.9680
162830	5.4185
162831	4.3350
162832	4.4990
162833	1.4810
162834	4.3715
162835	4.7045
162836	4.3715
162837	4.9970
162838	3.7470
162839	5.9815
162840	3.0060
162841	3.0065
162842	3.0075
162843	4.4145
162844	3.0050
162845	3.0075
162901	7.1050
162902	7.0935
162903	7.0775
162909	1.1945
162935	4.2995
162936	3.1215
162937	1.5030
162945	5.7765
162951	5.6350
162952	5.2325
162956	5.1580
162957	5.4130
162958	5.5040
162961	5.4445
162974	2.6510
162975	2.1485
162976	3.4735
162978	3.4040
162979	4.3240
162980	3.2775
162981	3.8210
162982	2.5570
162983	3.3070
162984	3.1020
162985	3.2080
162986	3.0780
162987	3.2425
162988	2.5305
162990	4.9875
162991	3.6140
162992	3.7170
162993	3.5935
162994	3.4970
162995	4.4405
162998	5.4235
162999	7.0520
163006	2.6305
163020	3.5765
163022	3.6300
163023	4.0835
163024	3.4345
163025	4.6700
163026	4.1365
163027	3.8615
163028	5.2640
163029	4.0810
163030	3.9875
163031	3.2380
163033	4.0760
163034	3.2510
163035	4.4130
163036	5.1080
163037	6.1495
163038	4.0635
163039	4.8160
163040	4.8840
163041	5.0945
163042	4.5930
163043	4.7245
163044	4.5585
163045	5.0705
163046	6.0045
163047	4.8235
163048	6.2355
163049	6.0480
163050	6.3725
163051	6.2765
163052	3.1680
163053	2.4360
163054	4.5910
163055	5.1465
163056	2.9295
163057	3.0030
163058	5.0145
163059	4.2760
163060	3.0515
163061	5.0110
163062	5.2190
163075	2.8885
163076	3.2105
163099	7.3755
163132	5.1425
163133	4.9760
163134	5.2045
163135	5.2085
163137	2.6945
163143	7.3715
163154	4.3390
163159	0.6955
163199	1.9055
163200	5.8045
163203	5.7830
163207	5.7235
163209	5.6765
163210	5.4535
163211	2.8990
163212	5.6385
163224	7.7245
163226	7.7235
163227	7.7235
163235	7.3665
163239	5.0995
163241	5.0815
163242	5.1605
163243	5.1565
163245	5.1655
163246	5.1830
163247	5.1500
163248	5.1635
163254	5.1310
163255	5.5255
163257	5.3370
163258	5.3790
163259	5.3875
163275	6.2095
163276	5.6130
163277	2.5715
163278	2.5780
163279	2.5065
163280	2.5500
163281	2.4900
163282	2.5070
163283	2.5065
163284	7.0495
163286	7.0520
163287	4.8360
163303	7.3700
163306	5.4390
163307	2.3225
163308	2.3115
163309	4.6285
163311	3.0115
163312	3.6490
163314	4.6755
163319	2.5665
163320	2.9550
163321	2.9885
163322	3.8985
163323	2.6260
163324	2.8045
163325	3.3225
163326	3.0900
163327	4.2095
163433	5.4950
163434	5.4770
163460	5.1465
163461	5.1000
163462	0.8995
163474	5.4055
163516	5.4680
163522	3.9720
163523	5.1820
163530	4.5190
163595	1.1645
163601	6.6310
163602	6.5130
163603	6.5190
163604	6.5445
163605	1.6650
163611	6.1080
163648	4.2590
163649	4.1740
163654	5.9015
163699	5.3330
163700	6.0540
163701	6.0605
163702	1.8570
163704	5.9715
163705	0.9920
163709	0.9520
163714	7.0405
163720	5.1670
163735	6.1035
163741	5.5470
163743	7.0200
163749	6.8780
163751	5.7395
163760	5.5215
163761	5.4990
163762	5.4620
163773	5.4760
163781	5.1515
163783	4.8560
163784	2.3350
163785	1.7645
163801	5.6705
163803	5.6555
163805	5.6470
163806	5.7770
163807	5.6455
163809	5.6525
163810	5.6495
163812	5.2425
163817	6.8975
163820	5.9615
163822	7.0225
163824	7.0220
163827	5.9465
163836	7.0200
164029	0.7050
164037	4.9560
164074	6.8205
164083	7.1330
164115	5.2650
164126	7.0895
164128	5.9045
164129	6.0135
164130	6.0335
164131	6.0420
164132	0.9350
164133	5.4145
164150	7.0945
164168	5.3550
164175	6.1265
164185	7.1350
164204	7.0685
164219	5.9695
164223	7.2375
164224	4.0825
164225	0.5070
164226	4.8270
164227	6.8000
164238	4.2355
164243	5.3990
164247	5.0045
164273	1.8665
164274	5.4560
164276	5.7015
164277	5.0300
164278	5.1605
164279	6.1090
164280	4.1755
164281	5.6460
164286	2.4410
164290	6.3930
164291	3.3360
164292	5.6880
164293	6.0825
164294	5.3290
164299	7.1195
164300	4.8730
164301	4.1570
164302	6.0340
164303	2.2345
164305	3.4605
164306	2.6505
164307	3.9725
164308	2.4250
164313	2.4285
164314	2.9405
164317	2.9895
164319	7.0910
164321	5.5425
164323	1.8355
164324	2.4150
164330	6.1495
164331	4.7685
164332	6.1970
164333	4.5710
164334	6.2060
164335	6.2295
164338	4.8280
164347	1.1995
164350	0.8910
164351	3.0695
164352	4.7920
164355	3.2925
164360	5.4145
164361	4.1940
164363	2.1625
164364	1.8655
164365	3.8765
164367	2.3405
164368	2.9965
164369	3.5705
164370	2.6960
164372	5.0180
164373	4.8140
164375	3.7985
164384	1.2845
164391	1.3090
164398	1.1980
164400	1.1975
164401	1.3155
164403	1.1980
164424	7.3650
164438	5.3620
164439	3.1070
164444	2.4275
164445	2.4280
164446	4.2090
164448	4.2280
164450	3.4010
164451	4.6425
164453	4.4795
164462	6.9445
164469	3.8660
164471	3.8655
164472	3.3150
164474	3.2175
164491	4.8120
164514	4.1330
164516	4.1990
164528	3.9895
164538	4.0355
164546	7.3745
164547	6.3805
164548	2.3085
164550	5.7240
164551	3.6150
164553	3.8070
164554	2.1610
164555	3.6605
164557	3.7695
164558	3.8700
164560	4.5460
164561	5.0510
164562	3.6445
164563	3.7250
164564	4.4845
164566	5.5855
164571	5.0185
164574	4.8230
164579	4.5795
164580	3.7635
164581	4.9395
164582	4.3425
164583	4.3045
164584	4.8600
164630	6.5615
164631	6.5665
164632	6.5645
164633	6.5630
164634	6.5635
164635	6.5535
164636	6.5490
164637	6.5650
164638	6.5605
164639	6.5625
164640	6.5660
164641	6.5615
164643	6.5635
164646	4.5315
164667	2.7410
164668	4.4190
164669	3.9840
164670	3.5670
164671	3.5280
164672	3.5840
164673	3.1800
164674	4.3770
164676	3.6900
164677	4.8755
164678	3.8685
164679	3.6555
164680	4.5675
164682	4.6680
164686	1.6765
164694	6.5575
164695	6.5620
164696	6.5615
164697	6.5655
164698	6.5350
164699	6.5525
164700	6.5400
164701	6.5415
164702	6.5515
164703	6.5520
164707	6.5515
164708	6.5485
164709	6.5520
164710	6.5500
164711	6.5440
164713	1.5570
164716	2.4705
164717	3.6010
164723	6.4060
164773	7.3755
164777	7.3790
164786	6.8735
164794	6.7240
164796	6.8315
164802	6.3580
164803	5.8560
164804	6.2865
164805	6.1390
164807	6.4985
164808	6.8760
164809	6.8715
164810	6.8695
164811	4.8035
164812	4.0640
164815	7.0405
164816	7.0520
164833	7.0365
164838	7.0370
164842	7.0390
164849	4.5760
164850	7.0325
164863	2.1605
164869	5.2940
164871	4.3560
164872	4.6240
164876	5.5345
164881	5.2710
164882	5.2095
164885	0.6555
164894	5.2115
164904	5.0620
164905	5.3115
164906	5.1560
164914	7.0355
164915	7.0355
164916	7.0330
164917	7.0325
164918	7.0325
164919	7.0305
164920	7.0360
164921	7.0360
164922	7.0375
164923	7.0395
164924	7.0390
164925	7.0340
164932	5.8535
164933	3.3590
164934	3.1895
164935	5.3590
164937	5.8315
164938	5.3765
164939	5.7065
164942	3.5885
164943	3.0930
164944	2.2835
164945	2.1680
164946	2.1400
164947	4.1285
164948	4.1350
164949	4.3065
164950	5.5515
164959	3.7215
164961	3.1720
164962	2.9615
164963	3.1340
164964	2.9310
164971	7.3545
164972	3.8600
164976	3.4240
164983	2.7910
164984	3.4870
164989	3.4080
164990	3.7475
164992	3.1075
164994	1.7440
164995	1.7255
165000	2.3075
165001	2.7015
165002	2.9490
165003	2.0435
165004	4.2165
165011	6.4545
165050	6.3910
165092	4.5385
165093	4.9205
165103	6.1800
165104	6.3780
165105	6.2070
165106	6.8725
165107	6.8755
165108	5.9015
165109	3.8565
165110	4.3650
165111	3.9005
165112	1.2310
165121	1.0535
165123	7.0400
165126	8.9160
165127	8.9720
165128	8.9840
165132	8.9500
165133	8.3960
165136	8.3390
165139	7.2765
165140	6.2725
165144	4.4330
165150	5.2390
165152	4.8845
165154	4.8850
165174	5.8565
165187	3.3805
165189	2.9510
165191	4.0840
165197	5.4265
165198	3.2875
165199	3.3005
165200	3.7925
165201	3.6885
165206	6.1230
165207	5.7335
165208	5.2570
165224	2.5315
165226	6.1635
165227	6.7860
165233	7.3710
165235	2.9865
165236	4.6400
165237	3.3100
165238	2.7440
165239	2.4810
165242	2.8040
165243	2.9740
165244	2.7430
165246	5.0505
165247	3.5815
165248	4.6920
165249	3.9250
165250	2.8790
165251	6.8715
165253	3.7425
165257	5.1825
165259	4.9220
165261	4.9650
165263	4.3300
165265	5.0070
165271	5.7870
165272	5.6780
165273	5.6535
165274	5.6495
165279	6.3630
165282	6.8355
165294	5.3365
165348	4.6560
165355	4.5470
165363	1.0810
165364	1.1975
165371	1.1980
165374	1.2000
165384	1.1995
165385	1.1980
165399	3.4240
165401	5.4480
165404	5.3375
165409	3.6875
165411	5.4430
165412	5.6185
165414	5.5940
165416	5.6175
165417	5.5230
165418	4.0840
165421	3.3565
165453	1.2805
165459	7.3640
165490	4.5800
165493	3.7220
165496	3.4890
165503	5.5125
165511	3.0825
165524	7.3670
165525	0.9440
165526	2.2610
165527	2.4940
165528	2.4250
165529	2.3925
165531	2.3190
165532	2.6960
165533	2.2665
165534	3.5690
165535	1.7700
165536	1.9525
165539	2.6990
165540	4.2150
165542	3.2460
165543	2.5295
165544	2.9590
165669	5.5485
165670	6.2050
165671	4.8750
165672	4.7550
165673	5.2220
165676	4.8190
165677	7.0975
165678	7.0775
165680	3.8245
165682	3.0080
165686	5.1575
165688	6.0940
165691	0.5575
165693	1.2800
165694	1.3050
165703	0.7490
165709	1.6700
165711	2.2240
165712	1.7550
165715	4.5455
165716	2.8140
165717	1.0840
165718	1.3980
165722	2.2760
165724	3.4095
165726	5.5425
165727	2.3170
165728	3.3280
165729	1.4715
165731	2.4155
165811	0.7015
165812	0.7090
165814	8.5245
165815	8.7735
165816	8.3640
165817	3.3280
165819	8.1825
165821	6.1820
165822	8.9390
165823	3.6735
165824	8.2835
165825	8.6370
165826	8.1035
165827	7.6500
165828	0.8505
165830	0.7285
165831	1.0350
165832	1.2295
165833	8.2640
165834	5.7965
165835	6.4160
165836	5.8460
165837	5.0230
165838	8.2475
165845	0.8240
165848	0.7945
165850	0.8040
165851	5.6650
165855	7.0230
165856	7.0210
165858	7.0615
165883	1.5410
165884	3.7195
165886	1.9935
165899	3.6525
165900	1.1415
165901	3.6605
165902	0.5770
165903	1.0030
165907	3.6220
165908	3.6570
165909	4.0885
165968	6.1335
165969	5.1415
165970	6.1365
165978	3.7065
165979	4.3920
165981	6.8745
165985	7.3760
165986	6.8735
165987	4.6660
165988	6.1300
165989	5.3415
165990	4.7210
165991	6.1285
165992	4.5285
165993	4.5970
165994	4.5040
165995	4.0660
165996	4.5240
165997	5.1300
165998	3.5535
165999	5.1780
166000	6.1370
166001	6.1360
166002	3.2450
166003	3.0915
166004	6.1405
166005	6.5940
166006	3.0795
166007	6.8130
166011	1.4645
166012	3.7395
166017	7.3755
166018	3.1705
166019	3.1040
166020	3.2020
166022	5.4815
166024	5.2520
166028	4.0485
166038	5.5320
166039	5.1950
166047	3.7375
166053	5.4340
166072	5.7130
166076	1.7040
166079	5.4375
166082	5.5600
166088	5.4805
166095	3.8810
166096	5.4765
166097	5.6890
166098	5.7690
166116	6.0580
166119	5.5000
166121	5.3390
166125	5.3865
166128	3.3365
166139	7.0700
166152	5.8400
166153	7.0090
166154	7.0135
166155	7.0095
166157	7.0100
166159	5.8820
166160	5.8530
166161	5.8430
166164	5.8870
166170	4.8155
166178	3.9185
166179	5.4335
166184	3.4070
166185	5.1145
166186	5.1070
166187	2.8355
166188	5.0435
166190	5.0600
166191	5.0760
166192	5.1140
166254	5.3850
166255	5.9455
166257	2.6095
166258	2.7435
166260	3.7865
166261	6.0750
166262	4.5915
166281	0.8720
166282	1.8560
166284	1.8525
166287	1.0405
166288	1.2585
166289	1.0920
166290	1.3005
166291	0.9080
166292	1.2060
166293	1.0345
166294	0.7910
166295	1.1025
166299	1.1815
166300	5.7360
166301	2.2370
166302	2.1385
166304	2.4335
166305	5.5570
166306	2.8990
166307	5.5230
166311	1.6070
166312	1.5605
166314	2.6945
166315	1.4805
166318	0.9775
166319	1.0140
166320	1.9620
166321	2.4540
166322	1.7710
166323	2.7415
166324	2.6570
166325	1.9835
166328	4.1045
166329	1.7425
166330	1.9900
166334	6.9635
166342	5.2220
166344	4.8025
166363	4.6370
166364	3.4820
166365	5.2975
166395	1.3945
166413	4.4300
166414	4.9225
166418	4.6580
166422	2.6595
166435	5.5695
166436	5.4450
166437	2.4275
166438	5.0515
166439	4.8675
166440	5.3290
166441	3.9280
166443	4.4510
166445	3.7870
166446	4.6990
166447	4.7010
166448	5.2170
166449	4.4780
166450	4.4610
166451	2.4435
166452	4.2800
166453	2.2785
166454	4.8375
166456	4.9925
166457	4.1710
166458	5.3225
166459	5.6065
166460	4.7475
166461	5.5490
166462	3.5260
166463	3.6140
166464	3.5065
166465	3.7900
166466	3.6885
166467	4.2695
166468	3.7570
166469	3.6560
166470	3.5085
166493	4.0790
166500	4.0805
166502	4.9560
166503	4.0330
166527	2.5805
166550	5.1220
166551	4.0005
166552	3.4575
166553	4.4740
166554	3.8950
166555	5.0355
166559	3.2570
166560	3.3965
166562	4.2930
166563	4.0030
166564	5.0555
166565	4.1875
166571	3.0290
166575	5.3155
166576	6.1790
166594	0.5530
166599	5.6185
166601	2.5050
166605	5.5895
166607	5.6515
166610	5.4180
166611	5.3635
166616	5.6210
166622	5.6385
166627	4.1925
166629	2.8265
166630	4.1700
166631	4.2055
166632	4.1980
166633	4.1700
166635	4.1460
166636	4.1510
166637	4.1475
166638	4.1535
166639	4.1520
166640	4.1590
166641	3.2785
166642	4.1505
166643	4.1515
166644	5.1565
166645	2.2185
166646	5.2020
166648	5.1565
166649	5.1685
166650	5.1630
166651	5.1725
166652	5.1700
166653	5.1740
166654	5.1605
166655	5.1610
166656	5.1655
166657	5.1625
166658	5.1665
166659	5.1660
166660	5.1740
166671	1.6595
166672	1.7275
166673	1.6325
166674	1.7880
166675	1.6920
166677	1.9150
166681	4.8365
166682	4.6920
166684	5.5140
166686	3.2705
166687	4.7210
166688	5.2130
166689	5.9355
166691	4.5080
166692	5.2510
166712	1.0340
166713	1.1500
166714	1.0400
166715	5.3450
166719	1.9235
166729	5.5085
166738	3.7440
166741	1.5115
166742	3.3080
166776	1.0740
166778	1.0885
166779	0.8945
166780	0.9125
166781	0.9665
166783	1.5715
166784	2.0235
166792	3.8305
166796	1.5055
166799	1.3930
166800	2.1930
166801	3.0075
166802	3.7580
166811	5.1600
166815	5.1135
166816	4.7290
166817	2.4365
166818	3.1240
166819	4.6110
166820	4.0220
166821	4.3405
166822	4.2795
166823	4.1615
166824	4.2670
166825	4.3040
166826	4.4825
166827	2.5595
166828	4.9650
166829	3.2240
166830	4.5505
166831	4.7165
166832	5.0330
166840	4.9490
166855	4.3670
166856	5.8205
166859	5.5425
166860	5.4045
166861	4.0975
166862	4.8065
166863	4.6170
166867	3.1530
166869	4.3920
166870	4.4785
166871	1.5045
166872	4.0600
166873	5.0470
166874	4.7590
166875	4.4780
166876	5.1455
166877	2.6370
166878	4.1530
166879	3.5780
166880	5.2370
166881	5.4315
166882	4.9750
166884	5.1295
166885	5.2270
166886	5.2990
166887	5.6715
166888	5.3455
166890	6.1045
166891	5.3775
166892	4.7325
166913	5.8385
166914	4.6315
166915	5.3920
166918	5.3895
166919	5.3665
166927	1.0655
166928	1.7425
166929	4.9760
166930	5.0460
166931	4.0515
166932	4.2285
166933	4.2255
166934	4.4005
166935	4.4780
166936	4.2305
166937	4.1905
166938	3.7780
166939	4.0985
166942	2.8990
166943	4.0160
166944	5.2865
166945	5.9550
166950	6.1165
166952	5.2925
166953	5.2590
167063	0.6730
167085	2.0855
167086	5.5355
167094	0.6600
167096	0.7415
167103	0.7365
167105	0.7895
167106	0.7835
167107	0.7875
167108	0.7230
167118	2.7980
167133	1.6930
167146	4.3205
167150	5.4785
167163	4.9340
167189	2.1125
167224	0.7895
167245	5.4100
167269	2.1860
167278	5.4050
167282	5.1190
167283	5.1365
167304	5.6510
167312	5.3705
167316	5.6850
167323	2.9845
167333	3.1900
167334	1.8195
167335	2.1695
167336	1.7490
167337	5.9235
167338	6.0315
167339	2.2890
167340	3.3355
167341	3.0555
167342	5.2385
167343	2.4860
167344	2.5525
167345	1.9915
167346	2.0295
167347	5.7615
167352	5.7175
167359	5.7250
167363	1.1670
167407	5.7775
167415	4.7380
167429	4.4940
167436	0.8865
167438	3.6575
167442	0.7345
167445	4.8610
167446	0.6895
167447	1.0460
167448	1.2190
167450	4.7760
167452	5.1805
167454	0.9915
167456	1.0130
167458	3.9675
167459	1.0445
167461	1.0955
167462	1.1435
167464	4.3640
167465	4.2650
167469	2.6545
167470	1.1770
167471	1.0765
167472	4.5385
167476	4.8700
167477	1.1090
167478	1.0920
167479	1.0265
167480	5.0735
167487	2.1590
167488	5.2690
167492	7.0880
167494	3.4785
167496	6.4795
167497	6.6630
167498	6.4975
167500	5.2815
167501	6.8700
167503	4.6155
167505	5.8355
167550	2.4185
167556	5.3255
167557	5.2630
167558	5.2220
167559	4.3825
167560	0.8830
167561	3.4285
167562	3.8315
167564	2.6400
167565	2.8045
167566	2.7330
167586	2.9670
167587	5.0725
167588	5.1245
167590	5.0760
167591	5.2060
167592	1.5415
167593	5.5210
167594	1.8910
167595	3.2505
167596	2.2140
167597	2.1180
167598	1.9675
167599	2.0180
167610	1.7170
167611	2.5365
167612	4.7745
167613	0.6195
167614	4.7670
167615	4.0795
167616	1.2370
167617	4.1000
167619	4.9160
167621	4.5900
167622	2.7780
168442	0.8475
168443	0.6265
168445	2.5765
168446	1.4055
168447	1.7765
168448	2.0825
168449	1.8310
168483	0.6720
168485	0.6625
168486	0.8205
168489	0.7145
168492	2.3380
168493	2.3160
168494	2.3410
168495	4.4220
168501	4.6765
168502	6.2035
168503	5.7555
168505	4.5250
168506	5.7110
168507	6.3905
168508	6.2810
168509	6.0970
168510	3.0700
168511	6.6755
168512	2.9550
168513	6.2670
168514	0.9405
168515	7.0200
168517	2.8070
168518	7.0395
168520	6.2580
168521	6.1605
168522	6.1340
168527	7.1240
168528	6.4845
168531	6.2780
168532	6.1275
168533	7.1280
168538	6.2710
168539	7.0390
168540	6.1395
168541	6.1320
168542	6.2805
168543	7.0310
168545	6.1415
168546	6.1515
168547	6.1420
168549	7.0320
168550	6.3075
168552	7.0195
168553	6.1415
168555	6.7040
