# Shot	# segments	tstart	tlast	dt	SNR min	t_flat_start	t_flat_last	tdisrupt
144199 2 -50.00 3374.00 0.0010 97.71 1586.00 402.00 -1000.00
144202 3 -50.00 4414.00 0.0010 46.58 1507.00 1957.00 -1000.00
144205 3 -50.00 5240.00 0.0010 80.18 1877.00 2021.00 -1000.00
144206 3 -50.00 4582.00 0.0010 94.69 1494.00 2320.00 -1000.00
144208 3 -50.00 4644.00 0.0010 89.02 1492.00 2222.00 -1000.00
144211 2 -50.00 3666.00 0.0010 64.13 1600.00 803.00 -1000.00
144213 1 -50.00 1911.00 0.0010 78.95 1475.00 57.00 -1000.00
144214 2 -50.00 1992.00 0.0010 67.26 1491.00 198.00 -1000.00
144216 3 -50.00 5430.00 0.0010 54.72 1360.00 2498.00 -1000.00
144224 3 -50.00 5525.00 0.0010 12.20 2115.00 2555.00 -1000.00
144226 3 -50.00 5700.00 0.0010 32.63 nan nan -1000.00
144227 3 -50.00 5665.00 0.0010 26.43 nan nan -1000.00
144231 3 -50.00 5740.00 0.0010 18.72 nan nan -1000.00
144232 3 -50.00 5735.00 0.0010 20.32 nan nan -1000.00
144233 3 -50.00 5665.00 0.0010 15.89 2106.00 1548.00 -1000.00
144234 3 -50.00 5735.00 0.0010 18.40 nan nan -1000.00
144236 3 -50.00 5910.00 0.0010 9.00 1316.00 3220.00 -1000.00
144237 3 -50.00 5795.00 0.0010 19.89 1392.00 3000.00 -1000.00
144240 4 -50.00 6265.00 0.0010 20.70 1265.00 3660.00 -1000.00
144241 3 -50.00 5905.00 0.0010 38.24 1325.00 2221.00 -1000.00
144242 4 -50.00 5980.00 0.0010 44.21 1046.00 1671.00 -1000.00
144243 4 -50.00 6255.00 0.0010 33.31 976.00 2508.00 -1000.00
144245 3 -50.00 5945.00 0.0010 65.44 1175.00 2953.00 -1000.00
144246 4 -50.00 6295.00 0.0010 68.26 1161.00 2605.00 -1000.00
144247 4 -50.00 6325.00 0.0010 76.26 1048.00 2252.00 -1000.00
144248 4 -50.00 6325.00 0.0010 74.68 848.00 3598.00 -1000.00
144249 4 -50.00 6325.00 0.0010 71.61 1320.00 1224.00 -1000.00
144250 4 -50.00 6325.00 0.0010 66.01 842.00 3996.00 -1000.00
144251 4 -50.00 6325.00 0.0010 65.60 1429.00 3756.00 -1000.00
144252 4 -50.00 6325.00 0.0010 62.69 1051.00 3179.00 -1000.00
144253 4 -50.00 6325.00 0.0010 65.38 1020.00 3314.00 -1000.00
144254 4 -50.00 6325.00 0.0010 69.04 1049.00 3387.00 -1000.00
144255 4 -50.00 6325.00 0.0010 43.98 1043.00 3121.00 -1000.00
144256 4 -50.00 6420.00 0.0010 20.32 2126.00 1070.00 -1000.00
144263 4 -50.00 6295.00 0.0010 55.71 924.00 4216.00 -1000.00
144264 4 -50.00 6295.00 0.0010 78.67 997.00 4218.00 -1000.00
144265 4 -50.00 6295.00 0.0010 62.45 1035.00 3409.00 -1000.00
144266 4 -50.00 6295.00 0.0010 61.63 876.00 3436.00 -1000.00
144268 4 -50.00 6295.00 0.0010 63.87 1265.00 2433.00 -1000.00
144269 4 -50.00 6295.00 0.0010 68.83 918.00 3260.00 -1000.00
144270 4 -50.00 6295.00 0.0010 64.68 1172.00 3368.00 -1000.00
144272 4 -50.00 5965.00 0.0010 75.43 1045.00 3209.00 -1000.00
144273 4 -50.00 6295.00 0.0010 75.17 1161.00 3081.00 -1000.00
144274 4 -50.00 6295.00 0.0010 67.70 954.00 3930.00 -1000.00
144275 4 -50.00 6295.00 0.0010 35.64 1598.00 1806.00 -1000.00
144278 4 -50.00 6150.00 0.0010 36.73 1317.00 3195.00 -1000.00
144345 4 -50.00 6125.00 0.0010 5.30 1092.00 3823.00 -1000.00
144346 3 -50.00 5320.00 0.0010 4.69 1058.00 3692.00 -1000.00
144347 3 -50.00 5400.00 0.0010 3.86 1049.00 3805.00 -1000.00
144348 4 -50.00 6225.00 0.0010 3.78 1075.00 3631.00 -1000.00
144349 3 -50.00 5690.00 0.0010 3.81 1063.00 3643.00 -1000.00
144350 3 -50.00 5375.00 0.0010 3.73 1039.00 3753.00 -1000.00
144351 3 -50.00 5325.00 0.0010 3.51 1270.00 2096.00 -1000.00
144367 4 -50.00 6310.00 0.0010 6.05 1499.00 3199.00 -1000.00
144408 3 -50.00 5570.00 0.0010 39.73 1160.00 2256.00 -1000.00
144409 4 -50.00 6420.00 0.0010 24.58 1019.00 3217.00 -1000.00
144410 4 -50.00 6420.00 0.0010 42.21 1128.00 3250.00 -1000.00
144412 3 -50.00 5905.00 0.0010 12.54 1075.00 3561.00 -1000.00
144413 3 -50.00 5905.00 0.0010 16.02 1047.00 3469.00 -1000.00
144414 3 -50.00 5915.00 0.0010 15.45 1045.00 3895.00 -1000.00
144415 3 -50.00 5915.00 0.0010 16.41 1079.00 3621.00 -1000.00
144416 3 -50.00 5815.00 0.0010 17.80 892.00 3012.00 -1000.00
144417 3 -50.00 5920.00 0.0010 16.19 1098.00 3676.00 -1000.00
144418 3 -50.00 5910.00 0.0010 18.19 1084.00 3652.00 -1000.00
144419 3 -50.00 5925.00 0.0010 16.29 1029.00 3273.00 -1000.00
144420 3 -50.00 5920.00 0.0010 17.19 916.00 3852.00 -1000.00
144712 3 -50.00 5565.00 0.0010 3.65 1261.00 3515.00 -1000.00
144714 3 -50.00 5620.00 0.0010 7.58 1152.00 3266.00 -1000.00
144715 3 -50.00 5550.00 0.0010 8.40 1079.00 3051.00 -1000.00
144716 3 -50.00 5660.00 0.0010 3.78 1067.00 2703.00 -1000.00
144717 3 -50.00 5635.00 0.0010 4.05 1116.00 1712.00 -1000.00
144718 3 -50.00 5600.00 0.0010 5.95 1152.00 3252.00 -1000.00
144720 3 -50.00 5615.00 0.0010 14.93 1263.00 3085.00 -1000.00
144721 3 -50.00 5615.00 0.0010 10.16 1214.00 2442.00 -1000.00
144723 3 -50.00 5585.00 0.0010 22.02 1095.00 3255.00 -1000.00
144724 3 -50.00 5585.00 0.0010 18.69 1128.00 3502.00 -1000.00
144727 3 -50.00 5560.00 0.0010 4.92 1061.00 3129.00 -1000.00
144729 3 -50.00 5430.00 0.0010 12.64 1157.00 1773.00 -1000.00
144730 3 -50.00 5145.00 0.0010 14.61 1386.00 1139.00 -1000.00
144735 3 -50.00 5530.00 0.0010 12.53 1126.00 3676.00 -1000.00
144743 3 -50.00 5540.00 0.0010 5.85 1446.00 3206.00 -1000.00
144745 3 -50.00 5560.00 0.0010 102.70 1138.00 3602.00 -1000.00
144746 3 -50.00 5550.00 0.0010 73.35 1280.00 3202.00 -1000.00
144747 3 -50.00 5565.00 0.0010 22.48 1157.00 3623.00 -1000.00
144748 1 -50.00 1198.00 0.0010 11.47 nan nan -1000.00
144752 1 -50.00 266.00 0.0010 8.34 nan nan -1000.00
144753 1 -50.00 258.00 0.0010 5.60 nan nan -1000.00
144754 1 -50.00 282.00 0.0010 10.84 nan nan -1000.00
144757 3 -50.00 5560.00 0.0010 32.68 1254.00 3442.00 -1000.00
144762 3 -50.00 5535.00 0.0010 23.98 1192.00 2702.00 -1000.00
144768 3 -50.00 5515.00 0.0010 65.12 1022.00 3672.00 -1000.00
144770 3 -50.00 5515.00 0.0010 52.58 1342.00 3270.00 -1000.00
144771 3 -50.00 5565.00 0.0010 37.40 1419.00 2297.00 -1000.00
144781 4 -50.00 6325.00 0.0010 23.87 1972.00 2556.00 -1000.00
144786 3 -50.00 5760.00 0.0010 8.09 1071.00 2715.00 -1000.00
144787 3 -50.00 5855.00 0.0010 8.26 2016.00 2810.00 -1000.00
144788 3 -50.00 5945.00 0.0010 4.99 nan nan -1000.00
144789 3 -50.00 5835.00 0.0010 11.41 1516.00 1824.00 -1000.00
144800 3 -50.00 5830.00 0.0010 14.17 1463.00 2623.00 -1000.00
144801 3 -50.00 5825.00 0.0010 18.27 1653.00 1013.00 -1000.00
144810 3 -50.00 5885.00 0.0010 33.24 2089.00 849.00 -1000.00
144864 4 -50.00 6195.00 0.0010 6.75 1114.00 2868.00 -1000.00
144873 3 -50.00 5455.00 0.0010 3.01 1078.00 3484.00 -1000.00
144883 3 -50.00 5490.00 0.0010 12.34 1110.00 3704.00 -1000.00
144884 3 -50.00 5515.00 0.0010 12.06 1060.00 3692.00 -1000.00
144886 1 -50.00 158.00 0.0010 8.59 nan nan -1000.00
144887 4 -50.00 6560.00 0.0010 28.09 1312.00 4353.00 -1000.00
144888 4 -50.00 6560.00 0.0010 30.75 1169.00 3375.00 -1000.00
144912 3 -50.00 5840.00 0.0010 27.14 1529.00 3163.00 -1000.00
144913 1 -50.00 316.00 0.0010 5.11 nan nan -1000.00
144915 4 -50.00 6445.00 0.0010 24.94 1628.00 1906.00 -1000.00
144916 4 -50.00 6445.00 0.0010 15.11 1577.00 1149.00 -1000.00
144917 4 -50.00 6445.00 0.0010 16.13 1588.00 1758.00 -1000.00
144918 3 -50.00 4560.00 0.0010 13.75 1435.00 1763.00 -1000.00
144919 4 -50.00 6445.00 0.0010 7.56 1460.00 2494.00 -1000.00
144920 4 -50.00 6445.00 0.0010 7.01 1580.00 1758.00 -1000.00
144921 3 -50.00 5910.00 0.0010 30.80 1521.00 3077.00 -1000.00
144923 4 -50.00 6445.00 0.0010 18.76 1446.00 1454.00 -1000.00
144925 2 -50.00 3230.00 0.0010 31.96 1583.00 835.00 -1000.00
144926 2 -50.00 3380.00 0.0010 15.73 1464.00 981.00 -1000.00
144927 4 -50.00 6445.00 0.0010 4.28 1524.00 2220.00 -1000.00
144928 4 -50.00 6445.00 0.0010 9.08 482.00 4300.00 -1000.00
144929 2 -50.00 3372.00 0.0010 12.11 1531.00 904.00 -1000.00
144930 2 -50.00 3778.00 0.0010 46.42 1542.00 1191.00 -1000.00
144934 3 -50.00 5915.00 0.0010 16.06 1076.00 3566.00 -1000.00
144935 3 -50.00 5920.00 0.0010 21.03 878.00 3720.00 -1000.00
144936 3 -50.00 5920.00 0.0010 21.82 1080.00 3772.00 -1000.00
144937 3 -50.00 5915.00 0.0010 20.84 1035.00 3805.00 -1000.00
144938 3 -50.00 5915.00 0.0010 22.98 1036.00 3666.00 -1000.00
144939 3 -50.00 5930.00 0.0010 20.59 872.00 3826.00 -1000.00
144942 3 -50.00 5905.00 0.0010 4.29 1173.00 3563.00 -1000.00
144943 3 -50.00 5900.00 0.0010 13.30 1218.00 3618.00 -1000.00
144944 3 -50.00 5930.00 0.0010 13.19 1007.00 3898.00 -1000.00
144946 3 -50.00 5915.00 0.0010 14.20 980.00 4180.00 -1000.00
144947 3 -50.00 5910.00 0.0010 11.85 1049.00 4116.00 -1000.00
144948 3 -50.00 5900.00 0.0010 17.82 992.00 3822.00 -1000.00
144976 4 -50.00 6360.00 0.0010 6.64 nan nan -1000.00
144977 4 -50.00 6390.00 0.0010 13.07 768.00 4157.00 -1000.00
145423 4 -50.00 6370.00 0.0010 3.97 1366.00 3789.00 -1000.00
145424 4 -50.00 6370.00 0.0010 4.84 1003.00 3583.00 -1000.00
145575 3 -50.00 5350.00 0.0010 3.24 2155.00 2661.00 -1000.00
145680 4 -50.00 5985.00 0.0010 23.75 1756.00 2718.00 -1000.00
145690 4 -50.00 5965.00 0.0010 24.14 1630.00 1264.00 -1000.00
145692 4 -50.00 6325.00 0.0010 23.70 nan nan -1000.00
145738 4 -50.00 6390.00 0.0010 6.38 1275.00 3497.00 -1000.00
145739 4 -50.00 6390.00 0.0010 3.97 1392.00 3440.00 -1000.00
145740 4 -50.00 6390.00 0.0010 3.63 1197.00 3803.00 -1000.00
145741 4 -50.00 6390.00 0.0010 5.37 991.00 3729.00 -1000.00
145743 4 -50.00 6390.00 0.0010 6.14 1119.00 3621.00 -1000.00
145744 4 -50.00 6390.00 0.0010 5.30 1117.00 3943.00 -1000.00
145745 4 -50.00 6390.00 0.0010 5.40 1243.00 2135.00 -1000.00
145746 4 -50.00 6390.00 0.0010 5.49 1126.00 2110.00 -1000.00
145747 4 -50.00 6390.00 0.0010 3.46 986.00 4209.00 -1000.00
145749 4 -50.00 6390.00 0.0010 3.92 1212.00 3510.00 -1000.00
145750 4 -50.00 6390.00 0.0010 10.33 1248.00 3962.00 -1000.00
145752 4 -50.00 6390.00 0.0010 6.50 1064.00 4291.00 -1000.00
145754 4 -50.00 6390.00 0.0010 6.32 1123.00 3617.00 -1000.00
145755 4 -50.00 6390.00 0.0010 5.02 1013.00 3867.00 -1000.00
145756 4 -50.00 6390.00 0.0010 9.65 1128.00 3807.00 -1000.00
145757 4 -50.00 6390.00 0.0010 3.20 938.00 3812.00 -1000.00
145758 4 -50.00 6385.00 0.0010 4.65 1247.00 4078.00 -1000.00
145759 4 -50.00 6380.00 0.0010 5.32 991.00 4384.00 -1000.00
145760 4 -50.00 6390.00 0.0010 4.61 1188.00 3512.00 -1000.00
145780 3 -50.00 5865.00 0.0010 11.80 910.00 3718.00 -1000.00
145781 4 -50.00 6445.00 0.0010 7.93 1407.00 1777.00 -1000.00
145782 4 -50.00 6445.00 0.0010 8.97 1074.00 2832.00 -1000.00
145783 2 -50.00 2210.00 0.0010 6.73 1065.00 637.00 -1000.00
145785 4 -50.00 6445.00 0.0010 6.59 1079.00 3367.00 -1000.00
145786 3 -50.00 5655.00 0.0010 4.27 1097.00 3133.00 -1000.00
145787 3 -50.00 5800.00 0.0010 6.46 1099.00 3157.00 -1000.00
145789 3 -50.00 5900.00 0.0010 6.11 1395.00 2187.00 -1000.00
145790 3 -50.00 5840.00 0.0010 6.64 1423.00 3269.00 -1000.00
145791 3 -50.00 5765.00 0.0010 5.20 1161.00 2523.00 -1000.00
145856 4 -50.00 6325.00 0.0010 7.94 1210.00 1290.00 -1000.00
145859 4 -50.00 6325.00 0.0010 5.79 1862.00 958.00 -1000.00
145861 4 -50.00 6325.00 0.0010 6.50 1820.00 2844.00 -1000.00
145863 4 -50.00 6325.00 0.0010 11.75 1801.00 1933.00 -1000.00
145864 4 -50.00 6325.00 0.0010 11.79 1996.00 1838.00 -1000.00
145865 4 -50.00 6325.00 0.0010 12.74 1961.00 2517.00 -1000.00
145868 4 -50.00 6390.00 0.0010 5.12 1061.00 4894.00 -1000.00
145869 4 -50.00 6390.00 0.0010 5.95 1231.00 3759.00 -1000.00
145870 4 -50.00 6225.00 0.0010 5.39 1166.00 3600.00 -1000.00
145876 4 -50.00 6505.00 0.0010 6.65 1261.00 1979.00 -1000.00
145882 3 -50.00 5605.00 0.0010 4.45 1102.00 2674.00 -1000.00
146077 4 -50.00 6390.00 0.0010 26.72 1154.00 1713.00 -1000.00
146078 4 -50.00 6390.00 0.0010 26.18 1217.00 2037.00 -1000.00
146079 4 -50.00 6390.00 0.0010 26.33 1159.00 1831.00 -1000.00
146082 4 -50.00 6390.00 0.0010 6.98 1155.00 2687.00 -1000.00
146083 4 -50.00 6390.00 0.0010 6.83 1150.00 2138.00 -1000.00
146084 4 -50.00 6390.00 0.0010 5.80 1146.00 2766.00 -1000.00
146085 4 -50.00 6390.00 0.0010 9.38 1139.00 1953.00 -1000.00
146086 4 -50.00 6390.00 0.0010 4.51 1197.00 1567.00 -1000.00
146089 3 -50.00 5875.00 0.0010 10.81 1169.00 2719.00 -1000.00
146097 3 -50.00 5905.00 0.0010 6.48 1231.00 1535.00 -1000.00
146099 3 -50.00 5875.00 0.0010 4.85 1156.00 2104.00 -1000.00
146105 4 -50.00 6390.00 0.0010 6.22 1033.00 2689.00 -1000.00
146126 3 -50.00 4975.00 0.0010 5.04 1100.00 2046.00 -1000.00
146127 4 -50.00 6375.00 0.0010 9.30 1078.00 2888.00 -1000.00
146488 3 -50.00 5500.00 0.0010 13.08 1019.00 2577.00 -1000.00
146489 3 -50.00 5480.00 0.0010 16.53 1020.00 3460.00 -1000.00
146490 3 -50.00 5535.00 0.0010 19.85 1186.00 3644.00 -1000.00
146491 3 -50.00 5560.00 0.0010 22.26 1302.00 2634.00 -1000.00
146492 3 -50.00 5465.00 0.0010 30.50 1174.00 2788.00 -1000.00
146493 3 -50.00 5860.00 0.0010 33.66 1224.00 2526.00 -1000.00
146521 4 -50.00 6445.00 0.0010 4.75 1112.00 3552.00 -1000.00
146524 4 -50.00 6325.00 0.0010 4.91 1571.00 1535.00 -1000.00
146525 4 -50.00 6325.00 0.0010 11.23 1250.00 3154.00 -1000.00
146534 3 -50.00 5530.00 0.0010 9.93 1471.00 2096.00 -1000.00
146535 3 -50.00 5530.00 0.0010 9.62 1550.00 1360.00 -1000.00
146536 3 -50.00 5530.00 0.0010 6.10 1541.00 2124.00 -1000.00
146537 3 -50.00 5530.00 0.0010 7.28 1553.00 3297.00 -1000.00
146538 3 -50.00 5530.00 0.0010 9.77 1311.00 726.00 -1000.00
146539 3 -50.00 5530.00 0.0010 10.86 1894.00 515.00 -1000.00
146540 4 -50.00 6060.00 0.0010 6.04 1559.00 3226.00 -1000.00
146541 4 -50.00 6060.00 0.0010 7.22 1641.00 3219.00 -1000.00
146542 4 -50.00 6060.00 0.0010 7.75 1342.00 2114.00 -1000.00
146544 4 -50.00 6060.00 0.0010 6.77 1289.00 1166.00 -1000.00
146545 4 -50.00 6060.00 0.0010 5.54 1532.00 935.00 -1000.00
146548 3 -50.00 5050.00 0.0010 7.39 1084.00 1420.00 -1000.00
146549 4 -50.00 6060.00 0.0010 4.98 1361.00 1044.00 -1000.00
146551 3 -50.00 5030.00 0.0010 7.55 nan nan -1000.00
146616 4 -50.00 6445.00 0.0010 4.14 1154.00 3384.00 -1000.00
146617 4 -50.00 6445.00 0.0010 5.42 1193.00 3377.00 -1000.00
146618 4 -50.00 6445.00 0.0010 3.42 1950.00 3460.00 -1000.00
146619 4 -50.00 6445.00 0.0010 3.75 1812.00 2562.00 -1000.00
146622 3 -50.00 5810.00 0.0010 3.40 2258.00 638.00 -1000.00
146629 3 -50.00 4905.00 0.0010 3.00 1696.00 1094.00 -1000.00
146631 3 -50.00 4718.00 0.0010 4.42 1929.00 916.00 -1000.00
146636 3 -50.00 5120.00 0.0010 3.39 764.00 2552.00 -1000.00
146641 3 -50.00 5495.00 0.0010 4.69 1661.00 2591.00 -1000.00
146643 3 -50.00 5710.00 0.0010 5.51 1718.00 2428.00 -1000.00
146784 4 -50.00 7030.00 0.0010 4.78 1086.00 2203.00 -1000.00
146803 4 -50.00 6735.00 0.0010 4.53 1882.00 2920.00 -1000.00
146809 4 -50.00 6950.00 0.0010 5.55 1820.00 3092.00 -1000.00
148318 3 -50.00 5940.00 0.0010 3.66 1103.00 3755.00 -1000.00
148319 3 -50.00 5920.00 0.0010 47.78 1091.00 3373.00 -1000.00
148320 3 -50.00 5925.00 0.0010 67.43 1297.00 3559.00 -1000.00
148321 3 -50.00 5935.00 0.0010 43.80 1218.00 3622.00 -1000.00
148323 3 -50.00 5425.00 0.0010 36.79 1120.00 2932.00 -1000.00
148324 3 -50.00 5295.00 0.0010 25.72 1164.00 2968.00 -1000.00
148325 3 -50.00 5395.00 0.0010 54.76 1117.00 2911.00 -1000.00
148327 3 -50.00 5315.00 0.0010 20.16 1075.00 1744.00 -1000.00
148530 4 -50.00 5975.00 0.0010 37.96 1316.00 3170.00 -1000.00
148532 3 -50.00 5940.00 0.0010 23.78 1323.00 3505.00 -1000.00
148534 4 -50.00 6390.00 0.0010 10.07 1192.00 3424.00 -1000.00
148535 4 -50.00 6390.00 0.0010 58.47 1119.00 2865.00 -1000.00
148730 4 -50.00 6400.00 0.0010 5.62 1384.00 1144.00 -1000.00
148746 4 -50.00 6370.00 0.0010 10.43 2024.00 776.00 -1000.00
148749 4 -50.00 6370.00 0.0010 5.58 1108.00 1638.00 -1000.00
148756 4 -50.00 6370.00 0.0010 4.82 2112.00 1686.00 -1000.00
148883 4 -50.00 6265.00 0.0010 4.26 1280.00 3665.00 -1000.00
148885 4 -50.00 6445.00 0.0010 4.39 1218.00 2332.00 -1000.00
148887 3 -50.00 5940.00 0.0010 3.29 1282.00 2092.00 -1000.00
148888 3 -50.00 5935.00 0.0010 4.23 1106.00 3614.00 -1000.00
148889 3 -50.00 5915.00 0.0010 7.03 1267.00 2821.00 -1000.00
148890 4 -50.00 5955.00 0.0010 4.19 1092.00 3762.00 -1000.00
148891 3 -50.00 5945.00 0.0010 7.62 1249.00 3565.00 -1000.00
148918 4 -50.00 6265.00 0.0010 13.52 1167.00 3711.00 -1000.00
148919 4 -50.00 6305.00 0.0010 10.90 1163.00 3713.00 -1000.00
148920 4 -50.00 6030.00 0.0010 10.71 1139.00 3695.00 -1000.00
148922 4 -50.00 6215.00 0.0010 12.24 1282.00 3510.00 -1000.00
148923 4 -50.00 6270.00 0.0010 7.24 1255.00 1809.00 -1000.00
148924 3 -50.00 5935.00 0.0010 36.38 1098.00 2734.00 -1000.00
148925 3 -50.00 5945.00 0.0010 37.71 1109.00 3565.00 -1000.00
148926 4 -50.00 6345.00 0.0010 16.33 1507.00 3311.00 -1000.00
148927 3 -50.00 5920.00 0.0010 35.44 1104.00 3704.00 -1000.00
148929 4 -50.00 6295.00 0.0010 15.80 1109.00 3403.00 -1000.00
148930 3 -50.00 5790.00 0.0010 33.17 1130.00 3688.00 -1000.00
148931 3 -50.00 5915.00 0.0010 30.67 1142.00 3638.00 -1000.00
148953 4 -50.00 6390.00 0.0010 38.67 784.00 4491.00 -1000.00
148954 4 -50.00 6390.00 0.0010 5.54 1056.00 3604.00 -1000.00
148955 4 -50.00 6390.00 0.0010 5.65 1299.00 3911.00 -1000.00
148956 4 -50.00 6390.00 0.0010 15.84 1123.00 3699.00 -1000.00
148996 4 -50.00 6505.00 0.0010 3.04 946.00 3692.00 -1000.00
148997 3 -50.00 5900.00 0.0010 4.48 1166.00 1532.00 -1000.00
149011 4 -50.00 6140.00 0.0010 3.30 1148.00 3438.00 -1000.00
149015 4 -50.00 6505.00 0.0010 5.86 1120.00 1743.00 -1000.00
149020 4 -50.00 5985.00 0.0010 3.77 1078.00 3524.00 -1000.00
149026 3 -50.00 5765.00 0.0010 16.80 1188.00 1494.00 -1000.00
149027 3 -50.00 5030.00 0.0010 12.11 1092.00 2298.00 -1000.00
149080 2 -50.00 3176.00 0.0010 4.93 1386.00 822.00 -1000.00
149081 2 -50.00 3268.00 0.0010 4.85 1322.00 808.00 -1000.00
149082 2 -50.00 3140.00 0.0010 5.19 1522.00 604.00 -1000.00
149083 2 -50.00 3098.00 0.0010 5.13 1532.00 375.00 -1000.00
149084 2 -50.00 2976.00 0.0010 5.63 1424.00 390.00 -1000.00
149085 2 -50.00 3702.00 0.0010 5.68 1330.00 894.00 -1000.00
149086 3 -50.00 4120.00 0.0010 4.54 1346.00 762.00 -1000.00
149120 4 -50.00 6445.00 0.0010 3.41 1258.00 4692.00 -1000.00
149121 4 -50.00 6445.00 0.0010 13.04 1211.00 4259.00 -1000.00
149122 4 -50.00 6445.00 0.0010 14.95 1198.00 4542.00 -1000.00
149123 4 -50.00 6445.00 0.0010 17.53 1197.00 3427.00 -1000.00
149124 4 -50.00 6445.00 0.0010 19.12 1287.00 3109.00 -1000.00
149197 3 -50.00 4108.00 0.0010 20.87 1321.00 1539.00 -1000.00
149198 3 -50.00 4254.00 0.0010 17.30 1098.00 1944.00 -1000.00
149200 3 -50.00 5470.00 0.0010 24.30 1318.00 2484.00 -1000.00
149201 3 -50.00 5450.00 0.0010 28.78 1308.00 2864.00 -1000.00
149203 3 -50.00 5620.00 0.0010 29.75 1105.00 2545.00 -1000.00
149204 3 -50.00 5505.00 0.0010 19.28 1301.00 2597.00 -1000.00
149209 3 -50.00 5455.00 0.0010 3.69 1069.00 3815.00 -1000.00
149210 3 -50.00 5525.00 0.0010 14.63 1046.00 3232.00 -1000.00
149217 3 -50.00 5420.00 0.0010 24.94 1057.00 3659.00 -1000.00
149218 3 -50.00 5415.00 0.0010 36.13 1101.00 3431.00 -1000.00
149223 3 -50.00 5425.00 0.0010 24.69 1058.00 3416.00 -1000.00
149228 4 -50.00 6265.00 0.0010 19.58 1166.00 3320.00 -1000.00
149229 4 -50.00 6505.00 0.0010 22.19 1251.00 3571.00 -1000.00
149230 4 -50.00 6505.00 0.0010 22.34 1412.00 2478.00 -1000.00
149231 4 -50.00 6505.00 0.0010 21.70 1179.00 2093.00 -1000.00
149249 4 -50.00 6390.00 0.0010 44.95 1235.00 4260.00 -1000.00
149250 4 -50.00 6390.00 0.0010 45.40 1122.00 3993.00 -1000.00
149252 4 -50.00 5995.00 0.0010 54.30 1703.00 1859.00 -1000.00
149253 4 -50.00 5975.00 0.0010 58.17 1772.00 2800.00 -1000.00
149260 4 -50.00 6005.00 0.0010 44.57 1746.00 3304.00 -1000.00
149261 3 -50.00 5860.00 0.0010 76.77 1694.00 2928.00 -1000.00
149262 2 -50.00 3608.00 0.0010 75.69 1680.00 875.00 -1000.00
149263 3 -50.00 4834.00 0.0010 76.65 1636.00 1600.00 -1000.00
149265 3 -50.00 5945.00 0.0010 61.10 1701.00 3279.00 -1000.00
149267 2 -50.00 3534.00 0.0010 76.24 1655.00 1189.00 -1000.00
149268 4 -50.00 5975.00 0.0010 49.19 1641.00 2621.00 -1000.00
149339 4 -50.00 6435.00 0.0010 50.59 1703.00 4197.00 -1000.00
149344 4 -50.00 6435.00 0.0010 39.15 1782.00 3503.00 -1000.00
149345 3 -50.00 5285.00 0.0010 73.04 1769.00 3356.00 -1000.00
149346 4 -50.00 6435.00 0.0010 17.67 2046.00 3839.00 -1000.00
149347 4 -50.00 6435.00 0.0010 10.44 1719.00 4651.00 -1000.00
149348 4 -50.00 6435.00 0.0010 9.71 1694.00 2916.00 -1000.00
149350 4 -50.00 6435.00 0.0010 12.47 1723.00 2885.00 -1000.00
149371 4 -50.00 6255.00 0.0010 4.53 1612.00 1272.00 -1000.00
149372 4 -50.00 6400.00 0.0010 17.59 1749.00 2929.00 -1000.00
149373 1 -50.00 302.00 0.0010 8.10 nan nan -1000.00
149375 4 -50.00 6400.00 0.0010 6.74 1371.00 2413.00 -1000.00
149376 4 -50.00 6400.00 0.0010 7.62 1262.00 2472.00 -1000.00
149377 4 -50.00 6400.00 0.0010 9.64 1292.00 4633.00 -1000.00
149378 4 -50.00 6400.00 0.0010 7.77 1274.00 3871.00 -1000.00
149380 4 -50.00 6400.00 0.0010 7.23 1448.00 3368.00 -1000.00
149383 4 -50.00 6400.00 0.0010 5.88 1276.00 3679.00 -1000.00
149384 4 -50.00 6400.00 0.0010 7.57 1311.00 3327.00 -1000.00
149385 4 -50.00 6400.00 0.0010 5.81 1279.00 2825.00 -1000.00
149386 4 -50.00 6400.00 0.0010 5.65 1290.00 3805.00 -1000.00
149387 4 -50.00 6400.00 0.0010 7.30 1280.00 3438.00 -1000.00
149388 4 -50.00 6400.00 0.0010 6.94 1348.00 2980.00 -1000.00
149437 4 -50.00 6425.00 0.0010 5.16 1077.00 4363.00 -1000.00
149460 4 -50.00 6400.00 0.0010 3.92 2102.00 3298.00 -1000.00
149467 3 -50.00 5915.00 0.0010 106.49 1215.00 1573.00 -1000.00
149468 3 -50.00 5795.00 0.0010 80.89 1232.00 3188.00 -1000.00
149469 3 -50.00 5850.00 0.0010 95.17 1245.00 2495.00 -1000.00
149485 3 -50.00 5800.00 0.0010 31.54 1360.00 2564.00 -1000.00
149492 3 -50.00 5855.00 0.0010 19.42 1049.00 3771.00 -1000.00
149497 4 -50.00 6265.00 0.0010 14.45 1192.00 2054.00 -1000.00
149509 4 -50.00 6445.00 0.0010 23.16 1134.00 1613.00 -1000.00
149510 4 -50.00 6460.00 0.0010 21.70 1130.00 3644.00 -1000.00
149511 4 -50.00 6505.00 0.0010 23.21 1143.00 3681.00 -1000.00
149512 4 -50.00 6505.00 0.0010 27.89 1118.00 3698.00 -1000.00
149513 4 -50.00 6505.00 0.0010 26.95 1117.00 3253.00 -1000.00
149514 4 -50.00 6505.00 0.0010 30.17 1383.00 3461.00 -1000.00
149515 4 -50.00 6505.00 0.0010 31.12 1152.00 4073.00 -1000.00
149516 4 -50.00 6505.00 0.0010 27.39 1215.00 3267.00 -1000.00
149517 4 -50.00 6505.00 0.0010 28.37 1177.00 3497.00 -1000.00
149518 4 -50.00 6505.00 0.0010 29.21 1218.00 3304.00 -1000.00
149519 4 -50.00 6505.00 0.0010 30.24 1207.00 3778.00 -1000.00
149520 4 -50.00 6500.00 0.0010 20.21 1172.00 4688.00 -1000.00
149521 4 -50.00 6505.00 0.0010 22.58 1201.00 3011.00 -1000.00
149522 4 -50.00 6505.00 0.0010 24.82 1136.00 4024.00 -1000.00
149528 4 -50.00 6400.00 0.0010 13.71 1259.00 3515.00 -1000.00
149529 4 -50.00 6400.00 0.0010 11.05 1239.00 2683.00 -1000.00
149533 4 -50.00 6400.00 0.0010 12.58 1511.00 2979.00 -1000.00
149534 4 -50.00 6400.00 0.0010 13.72 1257.00 2867.00 -1000.00
149535 4 -50.00 6400.00 0.0010 15.11 1269.00 3337.00 -1000.00
149536 4 -50.00 6400.00 0.0010 15.44 1532.00 4063.00 -1000.00
149537 4 -50.00 6400.00 0.0010 15.18 1530.00 3710.00 -1000.00
149538 4 -50.00 6400.00 0.0010 15.63 1243.00 5147.00 -1000.00
149539 4 -50.00 6400.00 0.0010 15.09 1486.00 3814.00 -1000.00
149541 4 -50.00 6400.00 0.0010 13.86 1271.00 3535.00 -1000.00
149542 4 -50.00 6400.00 0.0010 13.63 1488.00 4027.00 -1000.00
149543 4 -50.00 6400.00 0.0010 15.38 1519.00 3381.00 -1000.00
149604 4 -50.00 6505.00 0.0010 30.34 1178.00 3807.00 -1000.00
149605 4 -50.00 6505.00 0.0010 31.36 1159.00 3996.00 -1000.00
149606 4 -50.00 6025.00 0.0010 3.17 1137.00 2079.00 -1000.00
149607 4 -50.00 6235.00 0.0010 4.81 1185.00 3980.00 -1000.00
149608 4 -50.00 6210.00 0.0010 3.62 1114.00 3836.00 -1000.00
149609 4 -50.00 6250.00 0.0010 3.88 1205.00 2659.00 -1000.00
149610 4 -50.00 6425.00 0.0010 6.25 1186.00 2536.00 -1000.00
149611 4 -50.00 6440.00 0.0010 12.30 1156.00 4219.00 -1000.00
149613 4 -50.00 6505.00 0.0010 24.33 1207.00 4403.00 -1000.00
149614 4 -50.00 6500.00 0.0010 24.11 1210.00 2054.00 -1000.00
149615 4 -50.00 6450.00 0.0010 22.52 1122.00 3596.00 -1000.00
149617 4 -50.00 6390.00 0.0010 35.95 1096.00 4164.00 -1000.00
149618 3 -50.00 4442.00 0.0010 8.20 1302.00 2260.00 -1000.00
149619 3 -50.00 5420.00 0.0010 35.16 1194.00 3424.00 -1000.00
149620 3 -50.00 5555.00 0.0010 34.36 1071.00 3329.00 -1000.00
149621 2 -50.00 3546.00 0.0010 32.86 1066.00 1660.00 -1000.00
149622 2 -50.00 3422.00 0.0010 33.89 1189.00 1140.00 -1000.00
149623 4 -50.00 6390.00 0.0010 33.55 1117.00 3579.00 -1000.00
149652 4 -50.00 6390.00 0.0010 3.19 1613.00 1210.00 -1000.00
149654 4 -50.00 6390.00 0.0010 3.78 1679.00 1765.00 -1000.00
149655 4 -50.00 6390.00 0.0010 4.65 1420.00 1506.00 -1000.00
149656 4 -50.00 6390.00 0.0010 3.91 1242.00 2154.00 -1000.00
149658 3 -50.00 4706.00 0.0010 10.66 1130.00 1338.00 -1000.00
149661 4 -50.00 6390.00 0.0010 4.33 1186.00 2368.00 -1000.00
149708 4 -50.00 6400.00 0.0010 3.68 1461.00 4394.00 -1000.00
149709 4 -50.00 6400.00 0.0010 4.38 1271.00 3265.00 -1000.00
149710 4 -50.00 6400.00 0.0010 4.07 1556.00 2896.00 -1000.00
149711 4 -50.00 6400.00 0.0010 4.26 1562.00 3413.00 -1000.00
149712 4 -50.00 6400.00 0.0010 4.89 1575.00 4655.00 -1000.00
149713 4 -50.00 6400.00 0.0010 4.43 1257.00 4093.00 -1000.00
149714 4 -50.00 6400.00 0.0010 4.65 1516.00 4104.00 -1000.00
149715 4 -50.00 6400.00 0.0010 5.09 1524.00 4751.00 -1000.00
149716 4 -50.00 6400.00 0.0010 4.14 1660.00 3615.00 -1000.00
149717 4 -50.00 6400.00 0.0010 5.03 1549.00 3426.00 -1000.00
149718 3 -50.00 4710.00 0.0010 17.49 1225.00 1535.00 -1000.00
149719 4 -50.00 6400.00 0.0010 18.32 1859.00 3266.00 -1000.00
149722 1 -50.00 104.00 0.0010 18.15 nan nan -1000.00
149729 4 -50.00 6390.00 0.0010 3.55 1293.00 3497.00 -1000.00
149730 4 -50.00 6390.00 0.0010 3.34 1190.00 3935.00 -1000.00
149731 4 -50.00 6390.00 0.0010 3.43 1181.00 3549.00 -1000.00
149732 4 -50.00 6390.00 0.0010 3.37 1153.00 2487.00 -1000.00
149733 4 -50.00 6390.00 0.0010 3.09 1269.00 3435.00 -1000.00
149734 4 -50.00 6390.00 0.0010 3.06 1187.00 3399.00 -1000.00
149735 4 -50.00 6390.00 0.0010 3.00 1080.00 3354.00 -1000.00
149836 4 -50.00 6360.00 0.0010 7.06 1439.00 3405.00 -1000.00
149837 4 -50.00 6360.00 0.0010 8.59 1575.00 3137.00 -1000.00
149838 4 -50.00 6360.00 0.0010 8.91 1480.00 4150.00 -1000.00
149840 4 -50.00 6360.00 0.0010 22.52 1475.00 2097.00 -1000.00
149843 4 -50.00 6360.00 0.0010 15.81 608.00 5242.00 -1000.00
149901 3 -50.00 5930.00 0.0010 17.50 1242.00 2798.00 -1000.00
149902 3 -50.00 5920.00 0.0010 19.07 1164.00 3680.00 -1000.00
149903 3 -50.00 5915.00 0.0010 11.67 1183.00 2011.00 -1000.00
149941 3 -50.00 5910.00 0.0010 34.05 1134.00 3568.00 -1000.00
149942 3 -50.00 5905.00 0.0010 30.51 1186.00 3512.00 -1000.00
149943 3 -50.00 5880.00 0.0010 24.35 1193.00 3747.00 -1000.00
149944 3 -50.00 5760.00 0.0010 37.94 1146.00 1700.00 -1000.00
149945 3 -50.00 5770.00 0.0010 4.67 1167.00 2731.00 -1000.00
149946 4 -50.00 6385.00 0.0010 3.74 1165.00 1739.00 -1000.00
149947 3 -50.00 5915.00 0.0010 8.38 1123.00 3687.00 -1000.00
149948 3 -50.00 5910.00 0.0010 50.72 1147.00 3237.00 -1000.00
149949 3 -50.00 5905.00 0.0010 52.37 1141.00 3415.00 -1000.00
149950 3 -50.00 5905.00 0.0010 35.73 1139.00 3749.00 -1000.00
149951 3 -50.00 5880.00 0.0010 56.67 1195.00 3569.00 -1000.00
149952 3 -50.00 5880.00 0.0010 46.12 1220.00 3695.00 -1000.00
149953 3 -50.00 5870.00 0.0010 47.60 1139.00 3695.00 -1000.00
149954 4 -50.00 6390.00 0.0010 35.35 1165.00 1723.00 -1000.00
149955 4 -50.00 6390.00 0.0010 42.90 1181.00 1733.00 -1000.00
149956 4 -50.00 6390.00 0.0010 36.64 1333.00 1529.00 -1000.00
150015 4 -50.00 6295.00 0.0010 3.58 1190.00 3370.00 -1000.00
150018 4 -50.00 6255.00 0.0010 3.05 1073.00 3313.00 -1000.00
150031 4 -50.00 6170.00 0.0010 3.56 1073.00 3297.00 -1000.00
150032 4 -50.00 6170.00 0.0010 4.51 1077.00 3257.00 -1000.00
150035 4 -50.00 6100.00 0.0010 3.85 1079.00 4101.00 -1000.00
150036 4 -50.00 6080.00 0.0010 3.61 1147.00 3609.00 -1000.00
150093 4 -50.00 6400.00 0.0010 5.54 1230.00 4455.00 -1000.00
150094 4 -50.00 6400.00 0.0010 5.08 1385.00 2441.00 -1000.00
150095 4 -50.00 6400.00 0.0010 5.61 1231.00 2837.00 -1000.00
150096 4 -50.00 6400.00 0.0010 5.31 1521.00 2871.00 -1000.00
150097 4 -50.00 6400.00 0.0010 5.32 1241.00 2969.00 -1000.00
150098 3 -50.00 5400.00 0.0010 5.13 1501.00 3053.00 -1000.00
150100 4 -50.00 6400.00 0.0010 4.38 1238.00 3330.00 -1000.00
150101 4 -50.00 6400.00 0.0010 4.09 1279.00 3651.00 -1000.00
150102 4 -50.00 6400.00 0.0010 3.64 1265.00 4075.00 -1000.00
150103 4 -50.00 6400.00 0.0010 4.14 1541.00 3185.00 -1000.00
150104 4 -50.00 6400.00 0.0010 4.10 1243.00 4597.00 -1000.00
150105 4 -50.00 6400.00 0.0010 3.86 1236.00 3150.00 -1000.00
150106 4 -50.00 6400.00 0.0010 4.79 1238.00 3492.00 -1000.00
150107 4 -50.00 6400.00 0.0010 5.68 1377.00 3878.00 -1000.00
150114 4 -50.00 6325.00 0.0010 46.80 1143.00 4287.00 -1000.00
150126 4 -50.00 6325.00 0.0010 11.48 1089.00 3777.00 -1000.00
150137 4 -50.00 5965.00 0.0010 32.12 1203.00 3151.00 -1000.00
150139 4 -50.00 6325.00 0.0010 51.36 690.00 4040.00 -1000.00
150140 4 -50.00 6325.00 0.0010 38.91 600.00 2832.00 -1000.00
150141 4 -50.00 6325.00 0.0010 39.71 580.00 4158.00 -1000.00
150142 4 -50.00 6325.00 0.0010 42.82 892.00 4923.00 -1000.00
150143 4 -50.00 6325.00 0.0010 38.26 1053.00 3739.00 -1000.00
150144 4 -50.00 6325.00 0.0010 6.53 992.00 3706.00 -1000.00
150145 4 -50.00 6325.00 0.0010 5.42 852.00 3614.00 -1000.00
150147 4 -50.00 6325.00 0.0010 4.76 608.00 3994.00 -1000.00
150148 4 -50.00 6325.00 0.0010 4.95 712.00 3978.00 -1000.00
150149 4 -50.00 6325.00 0.0010 5.51 1041.00 3263.00 -1000.00
150150 3 -50.00 5905.00 0.0010 6.69 776.00 3728.00 -1000.00
150151 3 -50.00 5945.00 0.0010 5.34 1205.00 3593.00 -1000.00
150152 3 -50.00 5940.00 0.0010 5.43 1363.00 2847.00 -1000.00
150153 4 -50.00 5970.00 0.0010 5.61 1296.00 3530.00 -1000.00
150154 4 -50.00 6325.00 0.0010 5.96 966.00 3722.00 -1000.00
150155 3 -50.00 5900.00 0.0010 8.15 1125.00 2893.00 -1000.00
150156 3 -50.00 5900.00 0.0010 7.31 914.00 3496.00 -1000.00
150157 3 -50.00 5945.00 0.0010 5.39 1228.00 3368.00 -1000.00
150778 4 -50.00 6400.00 0.0010 9.65 1252.00 5113.00 -1000.00
150779 4 -50.00 6400.00 0.0010 15.42 1311.00 2913.00 -1000.00
150780 4 -50.00 6400.00 0.0010 17.55 1565.00 4265.00 -1000.00
150782 4 -50.00 6400.00 0.0010 11.66 1364.00 4096.00 -1000.00
150783 4 -50.00 6400.00 0.0010 6.37 1313.00 2683.00 -1000.00
150785 4 -50.00 6400.00 0.0010 9.27 1251.00 4889.00 -1000.00
150786 4 -50.00 6400.00 0.0010 6.47 1317.00 2989.00 -1000.00
150787 4 -50.00 6400.00 0.0010 9.43 1271.00 2177.00 -1000.00
150789 4 -50.00 6400.00 0.0010 29.09 1325.00 4425.00 -1000.00
150790 4 -50.00 6400.00 0.0010 10.76 1422.00 4163.00 -1000.00
150792 4 -50.00 6400.00 0.0010 30.78 1294.00 4796.00 -1000.00
150796 3 -50.00 5945.00 0.0010 20.45 1759.00 1525.00 -1000.00
150797 4 -50.00 6405.00 0.0010 9.34 1261.00 1398.00 -1000.00
150798 4 -50.00 6425.00 0.0010 8.09 1262.00 1335.00 -1000.00
150799 4 -50.00 6435.00 0.0010 8.14 1407.00 3187.00 -1000.00
150800 4 -50.00 6030.00 0.0010 13.72 1269.00 2223.00 -1000.00
150801 4 -50.00 6445.00 0.0010 7.83 1105.00 793.00 -1000.00
150802 4 -50.00 6015.00 0.0010 14.10 1430.00 3202.00 -1000.00
150803 3 -50.00 5870.00 0.0010 8.67 1085.00 3665.00 -1000.00
150804 3 -50.00 5915.00 0.0010 9.96 1308.00 3310.00 -1000.00
150805 3 -50.00 5925.00 0.0010 9.95 1299.00 3213.00 -1000.00
150806 4 -50.00 5965.00 0.0010 4.01 1841.00 825.00 -1000.00
150807 3 -50.00 5915.00 0.0010 25.17 2073.00 1597.00 -1000.00
150812 3 -50.00 5940.00 0.0010 3.85 1084.00 3540.00 -1000.00
152719 3 -50.00 5849.00 0.0010 48.81 1168.50 4292.50 -1000.00
152720 3 -50.00 5836.00 0.0010 31.38 1211.50 4239.50 -1000.00
152721 3 -50.00 5841.50 0.0010 10.78 1181.00 4274.00 -1000.00
152722 3 -50.00 5844.00 0.0010 15.23 1204.50 4261.50 -1000.00
152723 3 -50.00 4780.00 0.0010 21.58 1206.00 2650.50 -1000.00
152725 4 -50.00 6439.00 0.0010 15.43 1197.50 4242.50 -1000.00
152726 4 -50.00 6472.00 0.0010 23.35 1179.50 4271.00 -1000.00
152729 4 -50.00 7906.00 0.0010 23.86 1053.50 5673.50 -1000.00
152730 4 -50.00 7139.50 0.0010 7.37 1067.00 4768.50 -1000.00
152731 4 -50.00 7101.00 0.0010 8.72 1090.00 4820.50 -1000.00
152733 4 -50.00 7137.00 0.0010 3.30 1161.50 4719.00 -1000.00
152734 4 -50.00 7135.50 0.0010 4.80 1169.50 4705.50 -1000.00
152814 4 -50.00 6694.50 0.0010 3.80 1018.50 4606.00 -1000.00
152815 4 -50.00 6758.50 0.0010 3.38 1079.00 2418.00 -1000.00
152816 4 -50.00 6781.00 0.0010 12.54 1051.50 894.00 -1000.00
152817 4 -50.00 6719.50 0.0010 5.86 1024.50 957.50 -1000.00
152818 4 -50.00 6768.50 0.0010 20.32 999.50 2523.00 -1000.00
152822 4 -50.00 6755.50 0.0010 20.28 1099.00 900.50 -1000.00
152823 4 -50.00 6906.00 0.0010 13.23 1069.50 4861.00 -1000.00
152824 4 -50.00 6898.00 0.0010 12.82 1084.00 4789.50 -1000.00
152825 4 -50.00 6930.00 0.0010 15.78 1046.00 4846.50 -1000.00
152826 4 -50.00 7019.00 0.0010 32.27 979.50 5969.50 -1000.00
152827 4 -50.00 7000.50 0.0010 28.11 1122.50 4792.00 -1000.00
152828 3 -50.00 5642.00 0.0010 10.67 1025.00 3609.00 -1000.00
152851 3 -50.00 4141.00 0.0010 6.66 1262.50 1890.00 -1000.00
152857 4 -50.00 6610.50 0.0010 3.52 698.00 5257.00 -1000.00
152862 2 -50.00 3870.50 0.0010 4.16 1261.50 2222.00 -1000.00
152863 4 -50.00 6879.00 0.0010 4.54 1116.50 4264.00 -1000.00
152864 4 -50.00 6466.50 0.0010 17.24 1234.00 4146.50 -1000.00
152865 4 -50.00 6466.00 0.0010 5.24 1108.00 4266.50 -1000.00
152866 4 -50.00 6474.50 0.0010 7.05 1056.50 4315.50 -1000.00
152867 4 -50.00 6470.00 0.0010 3.68 1091.00 4277.50 -1000.00
152868 4 -50.00 6463.50 0.0010 8.20 1081.50 4285.00 -1000.00
152869 4 -50.00 6468.00 0.0010 6.77 1053.00 4249.00 -1000.00
152870 4 -50.00 6472.50 0.0010 5.83 1115.50 4257.50 -1000.00
152871 4 -50.00 6460.00 0.0010 10.33 1116.00 4250.50 -1000.00
152872 4 -50.00 6463.00 0.0010 5.01 1120.00 4253.50 -1000.00
152873 4 -50.00 6457.50 0.0010 8.66 1109.50 4237.50 -1000.00
152874 4 -50.00 6468.50 0.0010 5.78 1091.00 4284.00 -1000.00
152875 4 -50.00 6457.50 0.0010 6.78 1086.50 4288.50 -1000.00
152876 4 -50.00 6458.00 0.0010 8.29 1112.00 4257.00 -1000.00
152877 4 -50.00 6458.50 0.0010 9.37 1082.50 4288.00 -1000.00
152878 4 -50.00 6481.00 0.0010 3.18 1134.00 4238.00 -1000.00
152919 4 -50.00 6013.50 0.0010 8.25 476.00 4411.50 -1000.00
152921 4 -50.00 7030.50 0.0010 16.58 1664.50 3262.50 -1000.00
152922 4 -50.00 5971.50 0.0010 7.58 480.00 4406.50 -1000.00
152923 4 -50.00 7028.50 0.0010 18.46 1192.00 3736.50 -1000.00
152924 4 -50.00 5978.00 0.0010 9.53 484.00 6392.50 -1000.00
152926 2 -50.00 3781.00 0.0010 25.90 493.50 2453.00 -1000.00
152927 2 -50.00 3406.50 0.0010 39.13 482.50 1913.50 -1000.00
152928 2 -50.00 3361.50 0.0010 42.02 1596.50 874.00 -1000.00
152929 2 -50.00 3479.00 0.0010 35.68 481.00 1918.00 -1000.00
152930 2 -50.00 3704.00 0.0010 13.57 1648.50 1036.00 -1000.00
152932 2 -50.00 3852.00 0.0010 6.50 1582.00 1313.00 -1000.00
152933 3 -50.00 5151.00 0.0010 4.23 471.50 3688.50 -1000.00
152987 3 -50.00 5454.00 0.0010 8.11 572.00 3839.50 -1000.00
152988 2 -50.00 3398.50 0.0010 9.38 562.00 1873.50 -1000.00
152989 3 -50.00 5447.50 0.0010 5.74 570.50 3893.50 -1000.00
152990 3 -50.00 5437.00 0.0010 4.38 551.50 3886.00 -1000.00
152991 3 -50.00 5453.00 0.0010 5.06 570.50 3876.00 -1000.00
152992 3 -50.00 5450.50 0.0010 10.26 1749.50 4590.00 -1000.00
152994 3 -50.00 5447.50 0.0010 9.98 1866.00 2576.00 -1000.00
152996 3 -50.00 5436.00 0.0010 4.67 572.00 3886.00 -1000.00
152997 3 -50.00 5441.00 0.0010 3.32 532.00 3912.00 -1000.00
152998 3 -50.00 5442.50 0.0010 4.85 554.50 3806.50 -1000.00
153001 3 -50.00 5445.50 0.0010 8.27 1622.50 2818.50 -1000.00
153002 3 -50.00 5454.50 0.0010 3.81 562.00 5774.50 -1000.00
153003 3 -50.00 5442.00 0.0010 3.07 1765.50 2689.00 -1000.00
153004 3 -50.00 5429.50 0.0010 4.23 1768.00 2682.00 -1000.00
153005 3 -50.00 5434.50 0.0010 3.80 200.00 4231.00 -1000.00
153396 3 -50.00 5012.50 0.0010 3.22 1042.00 2557.50 -1000.00
153398 3 -50.00 4995.00 0.0010 3.52 1017.50 2452.00 -1000.00
153399 3 -50.00 4881.00 0.0010 3.68 1078.00 2154.00 -1000.00
153403 4 -50.00 6540.50 0.0010 3.49 1029.00 3769.50 -1000.00
153404 4 -50.00 6540.00 0.0010 3.99 1175.50 3770.50 -1000.00
153434 3 -50.00 5596.50 0.0010 3.83 219.00 4664.50 -1000.00
153435 3 -50.00 5632.50 0.0010 5.07 1077.50 3864.50 -1000.00
153436 3 -50.00 5652.50 0.0010 3.52 202.00 4737.50 -1000.00
153437 3 -50.00 5591.50 0.0010 3.90 1065.50 3880.00 -1000.00
153495 4 -50.00 6863.50 0.0010 74.38 1059.50 4894.50 -1000.00
153496 4 -50.00 6887.00 0.0010 66.96 1021.50 4873.50 -1000.00
153497 4 -50.00 6878.00 0.0010 63.52 1142.50 4807.00 -1000.00
153498 4 -50.00 6835.00 0.0010 49.49 971.50 4470.00 -1000.00
153499 4 -50.00 6875.50 0.0010 30.22 1019.00 4443.50 -1000.00
153500 4 -50.00 6859.50 0.0010 14.84 1659.00 3801.50 -1000.00
153501 4 -50.00 6873.00 0.0010 16.60 865.00 4549.50 -1000.00
153502 3 -50.00 5491.00 0.0010 3.88 1040.00 3561.00 -1000.00
153503 3 -50.00 5332.00 0.0010 6.40 1071.50 3124.00 -1000.00
153504 3 -50.00 5760.50 0.0010 7.53 1041.50 3827.50 -1000.00
153505 4 -50.00 6881.50 0.0010 17.51 1405.00 4052.50 -1000.00
153506 4 -50.00 6887.50 0.0010 13.06 1002.50 4424.50 -1000.00
153576 4 -50.00 7932.00 0.0010 15.23 1085.50 5724.00 -1000.00
153577 4 -50.00 7935.50 0.0010 17.31 1104.50 5831.50 -1000.00
153578 4 -50.00 7935.50 0.0010 17.20 1067.50 5869.00 -1000.00
153581 4 -50.00 7886.00 0.0010 4.94 1137.50 5799.50 -1000.00
153582 4 -50.00 7930.50 0.0010 5.74 1100.50 5797.50 -1000.00
153606 4 -50.00 7042.50 0.0010 33.17 1231.00 5100.00 -1000.00
153614 3 -50.00 5900.00 0.0010 5.59 1157.50 4007.50 -1000.00
153679 4 -50.00 7739.50 0.0010 8.34 370.50 6293.00 -1000.00
153680 5 -50.00 7968.50 0.0010 5.62 358.00 6301.50 -1000.00
153682 5 -50.00 8023.00 0.0010 13.39 371.50 6291.50 -1000.00
153683 4 -50.00 7878.50 0.0010 6.76 1783.50 4880.50 -1000.00
153684 5 -50.00 8027.00 0.0010 4.28 1784.00 4787.00 -1000.00
153685 5 -50.00 8021.00 0.0010 6.34 364.00 6258.50 -1000.00
153686 5 -50.00 8014.50 0.0010 3.70 341.00 6318.50 -1000.00
153710 3 -50.00 5431.00 0.0010 10.84 543.00 3825.50 -1000.00
153711 3 -50.00 5418.00 0.0010 12.92 554.00 3898.50 -1000.00
154728 4 -50.00 6186.00 0.0010 3.93 1122.50 3725.50 -1000.00
154729 4 -50.00 7003.50 0.0010 15.06 1105.00 4999.00 -1000.00
154730 4 -50.00 7024.00 0.0010 17.77 1105.50 5753.50 -1000.00
154731 4 -50.00 7016.50 0.0010 17.46 1079.50 3780.00 -1000.00
154732 4 -50.00 7015.50 0.0010 18.18 1127.50 3750.50 -1000.00
154733 4 -50.00 7020.00 0.0010 18.10 1133.00 3833.00 -1000.00
154734 4 -50.00 7012.00 0.0010 15.88 931.50 3977.00 -1000.00
154735 4 -50.00 6513.00 0.0010 14.84 940.00 4017.00 -1000.00
154736 4 -50.00 7013.00 0.0010 15.50 996.00 3962.00 -1000.00
154737 4 -50.00 6938.50 0.0010 13.90 1000.50 3928.50 -1000.00
154738 4 -50.00 7012.00 0.0010 13.62 947.00 4001.00 -1000.00
154739 4 -50.00 7019.00 0.0010 16.16 1078.00 3830.50 -1000.00
154740 4 -50.00 7018.50 0.0010 14.07 934.00 4020.00 -1000.00
154741 4 -50.00 7016.00 0.0010 16.35 929.00 4017.50 -1000.00
154742 4 -50.00 7022.50 0.0010 16.67 1123.00 3802.50 -1000.00
154743 4 -50.00 6129.00 0.0010 6.15 1086.50 3879.00 -1000.00
154831 4 -50.00 6521.00 0.0010 4.67 573.50 4350.00 -1000.00
154833 4 -50.00 6795.00 0.0010 17.62 767.00 5011.00 -1000.00
154835 4 -50.00 7024.50 0.0010 6.61 587.50 4379.50 -1000.00
154836 4 -50.00 6814.00 0.0010 23.21 777.00 5108.00 -1000.00
154837 4 -50.00 6804.00 0.0010 21.95 769.00 5166.50 -1000.00
154842 4 -50.00 6798.50 0.0010 19.90 847.00 5098.00 -1000.00
154849 4 -50.00 6720.50 0.0010 13.67 763.50 5186.00 -1000.00
154858 4 -50.00 6787.00 0.0010 13.92 838.50 4931.50 -1000.00
154859 4 -50.00 6907.00 0.0010 35.13 768.50 5124.00 -1000.00
154860 4 -50.00 6946.00 0.0010 34.73 757.50 5133.00 -1000.00
154861 4 -50.00 7005.50 0.0010 34.04 795.50 6154.50 -1000.00
154862 4 -50.00 6975.00 0.0010 33.33 766.00 5061.00 -1000.00
154863 4 -50.00 6936.00 0.0010 36.01 799.00 5109.50 -1000.00
154864 4 -50.00 6848.50 0.0010 24.27 770.50 5123.50 -1000.00
154865 4 -50.00 6735.50 0.0010 17.05 796.50 5145.50 -1000.00
154866 4 -50.00 7021.50 0.0010 11.11 1262.50 5375.50 -1000.00
154867 4 -50.00 7029.00 0.0010 9.53 1252.50 5719.50 -1000.00
154868 4 -50.00 7022.50 0.0010 9.31 1288.00 5410.00 -1000.00
154869 4 -50.00 7025.00 0.0010 10.00 1377.00 5307.50 -1000.00
154870 4 -50.00 7023.50 0.0010 9.62 1324.00 5433.50 -1000.00
154871 4 -50.00 7024.00 0.0010 9.96 1251.00 5610.50 -1000.00
154872 4 -50.00 7030.50 0.0010 10.14 1278.50 5411.00 -1000.00
154873 4 -50.00 7025.00 0.0010 9.88 1324.50 5340.50 -1000.00
154971 3 -50.00 5795.00 0.0010 4.05 1680.00 3645.50 -1000.00
154976 4 -50.00 6616.50 0.0010 5.65 1921.50 3314.50 -1000.00
154980 4 -50.00 6499.00 0.0010 5.99 1687.00 3745.00 -1000.00
154982 3 -50.00 5794.50 0.0010 6.53 1739.50 3665.50 -1000.00
154984 4 -50.00 6643.50 0.0010 6.42 1690.00 3788.00 -1000.00
154993 4 -50.00 6400.50 0.0010 5.99 1695.50 3568.00 -1000.00
155003 4 -50.00 7071.50 0.0010 18.60 1847.00 4009.50 -1000.00
155005 3 -50.00 5898.50 0.0010 30.43 327.00 4621.50 -1000.00
155011 4 -50.00 6762.00 0.0010 16.07 1137.50 4326.00 -1000.00
155013 3 -50.00 4840.50 0.0010 38.73 1097.00 3623.50 -1000.00
155023 4 -50.00 7024.50 0.0010 7.21 1255.00 5476.00 -1000.00
155024 4 -50.00 7026.50 0.0010 7.16 1243.00 5461.00 -1000.00
155025 4 -50.00 7022.00 0.0010 6.66 208.00 6493.00 -1000.00
155026 4 -50.00 7026.50 0.0010 7.02 1252.50 5426.00 -1000.00
155027 4 -50.00 7029.00 0.0010 7.19 1273.50 5434.00 -1000.00
155028 4 -50.00 7025.50 0.0010 6.92 1285.50 5457.50 -1000.00
155029 4 -50.00 7031.50 0.0010 7.41 1257.50 5713.00 -1000.00
155030 4 -50.00 7027.50 0.0010 7.32 1248.50 5328.00 -1000.00
155117 4 -50.00 5969.00 0.0010 21.11 768.00 4136.00 -1000.00
155118 3 -50.00 5912.50 0.0010 53.88 754.50 4163.00 -1000.00
155119 3 -50.00 5841.00 0.0010 34.04 869.50 4102.00 -1000.00
155120 3 -50.00 5865.00 0.0010 55.52 759.00 4200.00 -1000.00
155121 3 -50.00 5884.50 0.0010 67.11 1028.50 3916.50 -1000.00
155122 3 -50.00 5866.00 0.0010 67.75 847.50 4097.50 -1000.00
155123 3 -50.00 5898.50 0.0010 69.06 205.50 4766.50 -1000.00
155125 3 -50.00 5918.00 0.0010 68.83 757.00 4211.00 -1000.00
155126 3 -50.00 5883.50 0.0010 36.50 788.00 4137.00 -1000.00
155127 3 -50.00 5904.00 0.0010 29.55 1403.50 3550.00 -1000.00
155128 3 -50.00 5874.50 0.0010 27.39 1256.00 3683.50 -1000.00
155129 3 -50.00 5893.50 0.0010 9.19 1181.50 3762.00 -1000.00
155130 3 -50.00 5857.50 0.0010 6.90 1074.00 3894.50 -1000.00
155131 3 -50.00 5898.50 0.0010 9.95 1265.00 3695.50 -1000.00
155132 3 -50.00 5893.00 0.0010 9.64 1061.50 3893.00 -1000.00
155133 3 -50.00 5900.00 0.0010 8.73 1159.50 3791.50 -1000.00
155134 3 -50.00 5904.50 0.0010 9.57 210.50 4726.00 -1000.00
155135 3 -50.00 5914.50 0.0010 15.09 210.50 4744.00 -1000.00
155136 3 -50.00 5895.50 0.0010 12.93 1067.50 3844.50 -1000.00
155137 3 -50.00 5908.00 0.0010 8.85 216.00 4735.50 -1000.00
155140 3 -50.00 5901.50 0.0010 15.21 1139.50 3746.00 -1000.00
155141 3 -50.00 5900.00 0.0010 15.50 1065.00 3851.50 -1000.00
155142 3 -50.00 5908.00 0.0010 15.77 1166.00 3770.00 -1000.00
155143 3 -50.00 5904.00 0.0010 16.76 1073.50 3766.00 -1000.00
155147 3 -50.00 5900.00 0.0010 3.54 1156.50 3728.50 -1000.00
155148 3 -50.00 5900.00 0.0010 5.72 1146.50 3811.00 -1000.00
155149 3 -50.00 5902.00 0.0010 5.85 1080.50 3875.50 -1000.00
155150 3 -50.00 5896.50 0.0010 5.83 1228.50 3709.50 -1000.00
155151 3 -50.00 5905.50 0.0010 5.78 1068.50 3881.50 -1000.00
155152 3 -50.00 5907.50 0.0010 14.35 1233.00 3709.00 -1000.00
155153 3 -50.00 5910.50 0.0010 10.34 1153.00 3781.50 -1000.00
155154 3 -50.00 5902.00 0.0010 14.12 1181.00 3750.50 -1000.00
155156 3 -50.00 5925.50 0.0010 14.27 1238.50 3711.50 -1000.00
155157 3 -50.00 5890.00 0.0010 9.08 205.00 4681.00 -1000.00
155158 3 -50.00 5908.00 0.0010 37.22 1264.50 3650.50 -1000.00
155159 3 -50.00 5918.00 0.0010 37.16 1238.00 3675.50 -1000.00
155160 3 -50.00 5905.00 0.0010 37.51 1170.00 3768.00 -1000.00
155161 3 -50.00 5904.00 0.0010 37.43 1066.00 3835.50 -1000.00
155162 3 -50.00 5896.50 0.0010 14.54 204.50 4670.50 -1000.00
155163 3 -50.00 5903.00 0.0010 14.57 214.00 4738.00 -1000.00
155164 3 -50.00 5901.50 0.0010 14.96 204.50 4735.50 -1000.00
155165 3 -50.00 5902.50 0.0010 8.92 1109.50 3832.50 -1000.00
155167 3 -50.00 5904.00 0.0010 3.28 1141.00 3809.00 -1000.00
155170 4 -50.00 5988.00 0.0010 5.81 1073.00 3874.50 -1000.00
155171 3 -50.00 5938.00 0.0010 6.12 1081.00 3824.00 -1000.00
155182 4 -50.00 6230.00 0.0010 25.45 1408.00 3539.00 -1000.00
155209 4 -50.00 6028.50 0.0010 42.05 1399.00 3999.50 -1000.00
155212 4 -50.00 6708.00 0.0010 3.43 1402.00 4004.50 -1000.00
155225 4 -50.00 6969.50 0.0010 11.28 2043.00 3927.50 -1000.00
155227 2 -50.00 3293.50 0.0010 36.31 339.50 2097.00 -1000.00
155228 2 -50.00 3408.00 0.0010 34.54 2082.00 376.50 -1000.00
155229 3 -50.00 4271.00 0.0010 18.51 2052.00 1190.00 -1000.00
155230 2 -50.00 3364.00 0.0010 36.33 nan nan -1000.00
155231 3 -50.00 4403.50 0.0010 22.38 nan nan -1000.00
155232 4 -50.00 7032.50 0.0010 11.63 398.00 5556.50 -1000.00
155233 3 -50.00 5230.00 0.0010 20.34 340.50 3824.50 -1000.00
155234 4 -50.00 6997.50 0.0010 11.30 1018.00 4935.00 -1000.00
155235 4 -50.00 7014.00 0.0010 10.86 340.50 5615.00 -1000.00
155236 4 -50.00 7005.50 0.0010 10.53 1419.50 4508.50 -1000.00
155237 4 -50.00 7015.00 0.0010 10.45 1354.50 4585.00 -1000.00
155238 4 -50.00 7021.50 0.0010 11.39 1399.50 4515.00 -1000.00
155239 3 -50.00 5301.00 0.0010 18.06 376.00 3885.50 -1000.00
155240 3 -50.00 4264.00 0.0010 16.25 323.00 3037.50 -1000.00
155241 2 -50.00 3685.50 0.0010 18.16 331.00 2138.50 -1000.00
155242 2 -50.00 3458.50 0.0010 18.80 350.00 1616.00 -1000.00
155243 2 -50.00 3854.50 0.0010 17.51 626.50 2340.50 -1000.00
155244 3 -50.00 4075.50 0.0010 8.12 567.50 2614.00 -1000.00
155247 2 -50.00 3943.00 0.0010 9.04 545.50 2521.50 -1000.00
156616 4 -50.00 7023.50 0.0010 3.23 1055.50 4794.50 -1000.00
156617 4 -50.00 6930.50 0.0010 3.02 1055.00 4818.50 -1000.00
156619 4 -50.00 6935.50 0.0010 3.16 1103.50 4827.00 -1000.00
156620 4 -50.00 6957.50 0.0010 3.43 1163.50 4778.00 -1000.00
156621 4 -50.00 6981.00 0.0010 3.30 1187.00 4762.50 -1000.00
156636 3 -50.00 5696.50 0.0010 4.17 1220.50 3536.50 -1000.00
156638 4 -50.00 6000.50 0.0010 6.57 872.00 4685.00 -1000.00
156642 4 -50.00 5972.00 0.0010 3.94 216.00 4721.50 -1000.00
156643 4 -50.00 6007.50 0.0010 9.08 1082.50 4539.00 -1000.00
156645 4 -50.00 6382.00 0.0010 7.24 905.00 4602.50 -1000.00
156646 4 -50.00 6416.50 0.0010 9.07 206.00 5348.00 -1000.00
156647 4 -50.00 6444.00 0.0010 8.33 1139.50 3809.50 -1000.00
156648 4 -50.00 6489.50 0.0010 11.99 897.50 3973.00 -1000.00
156649 4 -50.00 6493.50 0.0010 9.66 896.00 4884.50 -1000.00
156650 4 -50.00 6466.50 0.0010 10.75 879.50 4844.50 -1000.00
156651 4 -50.00 6518.00 0.0010 10.98 200.00 5402.00 -1000.00
156653 4 -50.00 6491.50 0.0010 10.29 201.50 5352.50 -1000.00
156654 4 -50.00 6528.00 0.0010 11.76 1078.00 4518.50 -1000.00
156655 3 -50.00 5568.50 0.0010 14.90 878.50 3981.50 -1000.00
156656 3 -50.00 5469.00 0.0010 13.68 203.00 4667.00 -1000.00
156657 3 -50.00 5468.50 0.0010 13.45 1076.00 3822.00 -1000.00
156659 3 -50.00 5426.00 0.0010 5.13 878.00 4013.00 -1000.00
156660 3 -50.00 5859.00 0.0010 21.10 1099.50 4585.50 -1000.00
156661 3 -50.00 5506.00 0.0010 22.93 217.00 4746.50 -1000.00
156662 3 -50.00 5608.00 0.0010 23.16 912.50 4011.50 -1000.00
156663 3 -50.00 5465.50 0.0010 14.03 874.50 4102.50 -1000.00
156668 3 -50.00 5220.50 0.0010 3.28 1089.00 3084.00 -1000.00
156669 3 -50.00 5238.00 0.0010 3.84 1166.00 3380.00 -1000.00
156725 5 -50.00 8553.50 0.0010 4.08 1238.50 6197.00 -1000.00
156730 5 -50.00 8331.50 0.0010 5.29 1227.00 6197.00 -1000.00
156731 5 -50.00 8335.00 0.0010 5.54 1249.50 6187.50 -1000.00
156732 5 -50.00 8340.50 0.0010 5.16 213.50 7169.00 -1000.00
156735 5 -50.00 8196.50 0.0010 5.14 1236.50 6218.50 -1000.00
156737 5 -50.00 8396.50 0.0010 5.38 1343.00 6084.50 -1000.00
156740 5 -50.00 8428.50 0.0010 4.93 1334.00 6119.00 -1000.00
156763 5 -50.00 8000.00 0.0010 3.97 276.00 6799.00 -1000.00
156771 4 -50.00 7886.00 0.0010 9.76 476.00 6418.50 -1000.00
156772 5 -50.00 7972.00 0.0010 7.36 501.50 6389.00 -1000.00
156773 5 -50.00 7966.50 0.0010 7.29 896.50 6003.50 -1000.00
156774 5 -50.00 7971.50 0.0010 8.00 734.50 6134.00 -1000.00
156775 4 -50.00 7902.00 0.0010 6.25 475.50 6394.00 -1000.00
156776 5 -50.00 7998.50 0.0010 6.89 485.00 6549.50 -1000.00
156777 5 -50.00 8020.00 0.0010 7.63 476.00 6356.00 -1000.00
156779 5 -50.00 8019.00 0.0010 7.21 653.00 6215.50 -1000.00
156780 5 -50.00 7967.00 0.0010 6.81 683.00 6233.50 -1000.00
156781 5 -50.00 7987.00 0.0010 6.48 697.00 6208.50 -1000.00
156786 3 -50.00 5359.00 0.0010 7.26 1753.00 662.50 -1000.00
156793 3 -50.00 5706.00 0.0010 4.50 nan nan -1000.00
156800 4 -50.00 6931.00 0.0010 5.00 1578.50 4124.50 -1000.00
156801 3 -50.00 5386.00 0.0010 7.81 1571.00 2906.50 -1000.00
156802 3 -50.00 4438.50 0.0010 4.23 1778.50 1945.50 -1000.00
156803 3 -50.00 4581.50 0.0010 10.76 2089.50 1739.50 -1000.00
156808 4 -50.00 7016.00 0.0010 12.48 1849.50 3502.50 -1000.00
156809 3 -50.00 4419.50 0.0010 4.98 1887.50 1746.00 -1000.00
156810 3 -50.00 5747.00 0.0010 10.00 1016.00 4064.50 -1000.00
156811 3 -50.00 5722.50 0.0010 6.51 790.00 3621.00 -1000.00
156815 4 -50.00 6820.00 0.0010 5.05 829.50 5136.50 -1000.00
156817 4 -50.00 6810.00 0.0010 14.35 766.50 5127.00 -1000.00
156820 4 -50.00 6815.00 0.0010 22.30 766.00 5151.50 -1000.00
156822 4 -50.00 6823.00 0.0010 27.03 781.00 5181.50 -1000.00
156911 4 -50.00 7505.00 0.0010 19.71 1247.00 5446.00 -1000.00
156912 4 -50.00 7711.50 0.0010 18.25 1237.50 5511.00 -1000.00
156913 4 -50.00 7671.50 0.0010 17.75 1235.00 5418.00 -1000.00
156914 4 -50.00 7702.00 0.0010 17.55 1239.00 5411.50 -1000.00
156915 4 -50.00 7727.00 0.0010 17.93 1238.00 5483.50 -1000.00
157064 3 -50.00 5749.00 0.0010 22.39 967.50 3988.00 -1000.00
157065 3 -50.00 5720.00 0.0010 19.56 960.50 4016.00 -1000.00
157068 3 -50.00 5679.50 0.0010 12.30 884.50 4048.50 -1000.00
157069 3 -50.00 5684.00 0.0010 15.67 203.50 4722.50 -1000.00
157070 3 -50.00 5679.50 0.0010 15.23 1019.00 3916.50 -1000.00
157071 3 -50.00 5585.00 0.0010 4.05 1131.50 3780.00 -1000.00
157072 3 -50.00 5597.50 0.0010 4.50 892.00 4033.00 -1000.00
157074 3 -50.00 5584.50 0.0010 3.19 949.00 4015.00 -1000.00
157075 3 -50.00 5620.50 0.0010 5.02 886.50 4059.50 -1000.00
157087 3 -50.00 5667.50 0.0010 20.12 1034.50 3734.50 -1000.00
157088 3 -50.00 5757.50 0.0010 18.74 892.50 4806.50 -1000.00
157089 3 -50.00 5714.50 0.0010 23.51 873.00 4045.00 -1000.00
157090 3 -50.00 5681.50 0.0010 3.53 202.50 4683.50 -1000.00
157091 3 -50.00 5676.00 0.0010 21.93 904.00 3969.00 -1000.00
157096 3 -50.00 5664.50 0.0010 12.06 888.50 4078.50 -1000.00
157097 3 -50.00 5682.00 0.0010 24.86 870.00 4087.50 -1000.00
157098 3 -50.00 5649.00 0.0010 18.65 203.50 4717.00 -1000.00
157099 3 -50.00 5661.50 0.0010 19.00 1008.00 3595.50 -1000.00
157100 3 -50.00 5667.50 0.0010 18.84 908.50 4000.00 -1000.00
157101 3 -50.00 5664.50 0.0010 23.24 1128.00 3789.00 -1000.00
157102 3 -50.00 5674.00 0.0010 22.56 1022.50 3944.50 -1000.00
157103 3 -50.00 5672.50 0.0010 21.82 896.00 4009.00 -1000.00
157104 3 -50.00 5663.00 0.0010 22.98 891.00 4077.00 -1000.00
157105 3 -50.00 5666.00 0.0010 18.03 205.00 4701.50 -1000.00
157106 3 -50.00 5667.50 0.0010 23.67 864.50 4072.50 -1000.00
157108 3 -50.00 5668.00 0.0010 20.91 878.00 3994.00 -1000.00
157109 3 -50.00 5675.00 0.0010 23.15 1020.50 3872.50 -1000.00
157117 3 -50.00 5665.50 0.0010 22.70 918.50 4043.50 -1000.00
157119 3 -50.00 5658.00 0.0010 18.84 863.50 4047.50 -1000.00
157120 3 -50.00 5638.00 0.0010 20.42 203.00 4770.50 -1000.00
157121 3 -50.00 5663.50 0.0010 18.51 866.50 4052.50 -1000.00
157122 3 -50.00 5688.00 0.0010 17.16 875.50 4060.00 -1000.00
157123 3 -50.00 5679.50 0.0010 16.67 907.00 4054.00 -1000.00
157124 3 -50.00 5664.50 0.0010 17.09 863.50 4060.50 -1000.00
157125 3 -50.00 5685.00 0.0010 17.73 1142.00 3831.00 -1000.00
157126 3 -50.00 5683.00 0.0010 16.74 904.00 3929.50 -1000.00
157127 3 -50.00 5678.50 0.0010 17.20 1123.50 3792.00 -1000.00
157128 3 -50.00 5672.00 0.0010 18.48 201.00 4755.50 -1000.00
157129 3 -50.00 5672.50 0.0010 17.00 939.00 4035.50 -1000.00
157130 3 -50.00 5657.50 0.0010 17.75 949.00 4011.00 -1000.00
157131 3 -50.00 5661.50 0.0010 17.12 869.00 4099.00 -1000.00
157132 3 -50.00 5678.00 0.0010 16.85 1049.00 3905.50 -1000.00
157133 3 -50.00 5691.50 0.0010 17.11 905.50 4067.50 -1000.00
157134 3 -50.00 5690.50 0.0010 16.74 907.50 4034.00 -1000.00
157135 3 -50.00 5674.50 0.0010 68.03 908.50 4026.00 -1000.00
157136 3 -50.00 5663.50 0.0010 77.99 879.00 4047.50 -1000.00
157137 3 -50.00 5691.50 0.0010 70.22 205.00 4755.50 -1000.00
157138 3 -50.00 5665.00 0.0010 69.44 864.50 4099.00 -1000.00
157140 3 -50.00 5691.00 0.0010 12.37 890.00 3936.00 -1000.00
157143 3 -50.00 5597.00 0.0010 13.03 899.00 4019.00 -1000.00
157150 3 -50.00 5645.00 0.0010 8.88 202.00 4731.50 -1000.00
157152 3 -50.00 5686.50 0.0010 23.70 876.00 4068.50 -1000.00
157153 3 -50.00 5675.50 0.0010 5.74 880.50 4040.50 -1000.00
157154 3 -50.00 5673.50 0.0010 14.70 942.50 3983.50 -1000.00
157155 3 -50.00 5673.00 0.0010 23.98 939.50 3974.00 -1000.00
157156 3 -50.00 5671.00 0.0010 13.12 905.50 4067.00 -1000.00
157157 3 -50.00 5663.00 0.0010 13.14 872.00 4092.00 -1000.00
157158 3 -50.00 5648.00 0.0010 13.82 203.50 4733.50 -1000.00
157169 4 -50.00 6324.00 0.0010 10.89 1451.50 3520.00 -1000.00
157186 3 -50.00 5663.50 0.0010 11.25 1006.50 3909.00 -1000.00
157188 3 -50.00 5664.50 0.0010 12.14 202.00 4764.00 -1000.00
157189 3 -50.00 5633.50 0.0010 16.24 890.00 3837.00 -1000.00
157192 3 -50.00 5661.50 0.0010 12.24 1055.00 3904.50 -1000.00
157193 3 -50.00 5663.50 0.0010 10.21 202.00 4739.50 -1000.00
157194 3 -50.00 5645.50 0.0010 9.11 1207.00 3685.50 -1000.00
157195 3 -50.00 5663.00 0.0010 13.63 923.00 4037.50 -1000.00
157196 3 -50.00 5659.00 0.0010 13.05 884.00 4011.00 -1000.00
157197 3 -50.00 5660.00 0.0010 12.47 1058.00 3857.00 -1000.00
157230 4 -50.00 6918.00 0.0010 3.16 1189.00 4764.00 -1000.00
157231 4 -50.00 6910.50 0.0010 3.78 1100.50 4821.00 -1000.00
157232 4 -50.00 6920.00 0.0010 4.15 1178.00 4776.50 -1000.00
157233 4 -50.00 6956.50 0.0010 4.02 1136.00 4789.00 -1000.00
157234 4 -50.00 6949.50 0.0010 4.75 1076.00 4866.50 -1000.00
157235 4 -50.00 6932.50 0.0010 4.17 1110.00 4860.50 -1000.00
157236 4 -50.00 6961.50 0.0010 4.75 1109.50 4849.00 -1000.00
157237 4 -50.00 6947.50 0.0010 5.04 1101.00 4841.00 -1000.00
157238 2 -50.00 3597.50 0.0010 8.49 1094.50 1155.00 -1000.00
157239 2 -50.00 3334.50 0.0010 9.10 1092.50 959.50 -1000.00
157241 4 -50.00 7006.50 0.0010 6.70 1102.00 4844.00 -1000.00
157243 4 -50.00 7043.50 0.0010 7.77 1089.50 4890.50 -1000.00
158030 4 -50.00 6083.00 0.0010 5.23 934.00 4008.00 -1000.00
158031 4 -50.00 6089.00 0.0010 5.28 932.50 3860.50 -1000.00
158032 4 -50.00 6583.00 0.0010 6.79 952.50 4001.50 -1000.00
158033 4 -50.00 6291.50 0.0010 11.77 927.00 3852.50 -1000.00
158035 4 -50.00 7020.00 0.0010 13.19 941.00 3906.00 -1000.00
158036 4 -50.00 6834.00 0.0010 11.63 985.50 3987.50 -1000.00
158037 4 -50.00 7001.50 0.0010 12.86 944.50 3973.00 -1000.00
158038 4 -50.00 6748.00 0.0010 16.83 961.00 5695.50 -1000.00
158039 4 -50.00 6985.50 0.0010 11.76 930.50 4018.50 -1000.00
158040 4 -50.00 7020.00 0.0010 12.98 942.50 4026.00 -1000.00
158041 4 -50.00 6970.00 0.0010 17.31 1042.00 3794.50 -1000.00
158042 4 -50.00 6909.00 0.0010 10.46 994.00 3938.50 -1000.00
158043 4 -50.00 7019.50 0.0010 12.38 958.50 4008.50 -1000.00
158072 4 -50.00 6995.00 0.0010 3.22 857.00 5064.50 -1000.00
158076 4 -50.00 7041.50 0.0010 11.16 1867.50 4071.00 -1000.00
158087 4 -50.00 6771.50 0.0010 5.40 839.50 4848.00 -1000.00
158088 4 -50.00 6791.50 0.0010 5.38 769.50 4989.50 -1000.00
158104 4 -50.00 6743.50 0.0010 10.47 797.00 5044.00 -1000.00
158106 4 -50.00 6907.50 0.0010 9.90 864.50 4958.00 -1000.00
158108 4 -50.00 6792.00 0.0010 4.35 806.50 4895.50 -1000.00
158109 4 -50.00 6762.00 0.0010 7.93 792.00 5032.00 -1000.00
158110 4 -50.00 6764.50 0.0010 7.96 771.00 5097.50 -1000.00
158111 4 -50.00 6802.00 0.0010 7.34 773.50 4893.00 -1000.00
158115 4 -50.00 6905.50 0.0010 6.52 774.50 5233.00 -1000.00
158380 4 -50.00 7045.50 0.0010 3.15 1162.50 4594.00 -1000.00
158393 4 -50.00 7034.50 0.0010 4.04 1272.50 4531.50 -1000.00
158537 3 -50.00 5487.50 0.0010 5.03 298.00 4647.50 -1000.00
158538 3 -50.00 5499.00 0.0010 3.01 293.50 4663.00 -1000.00
158540 3 -50.00 5479.00 0.0010 3.10 262.50 4667.50 -1000.00
158541 3 -50.00 5483.50 0.0010 3.81 249.50 4670.50 -1000.00
158544 3 -50.00 5494.00 0.0010 5.05 334.00 4610.00 -1000.00
158557 5 -50.00 8001.50 0.0010 3.36 2006.50 4220.50 -1000.00
158594 4 -50.00 7014.00 0.0010 11.04 932.50 5713.50 -1000.00
158599 4 -50.00 7016.00 0.0010 8.48 965.00 5343.00 -1000.00
158615 4 -50.00 6903.00 0.0010 4.01 1095.00 3869.50 -1000.00
159371 4 -50.00 6120.00 0.0010 9.08 1448.50 3464.50 -1000.00
159375 4 -50.00 6312.50 0.0010 10.91 1404.50 3554.00 -1000.00
159376 4 -50.00 6266.00 0.0010 11.99 1477.50 3487.50 -1000.00
159377 4 -50.00 6142.00 0.0010 13.74 1419.50 3521.00 -1000.00
159379 4 -50.00 6055.00 0.0010 15.99 1413.50 3528.50 -1000.00
159387 4 -50.00 6419.00 0.0010 3.36 824.00 4602.00 -1000.00
159388 4 -50.00 6447.00 0.0010 3.26 835.00 4559.00 -1000.00
159389 4 -50.00 6460.50 0.0010 3.23 824.00 4616.50 -1000.00
159390 4 -50.00 6437.50 0.0010 5.57 802.50 4646.00 -1000.00
159391 4 -50.00 6540.00 0.0010 5.43 806.50 4530.00 -1000.00
159392 4 -50.00 6448.00 0.0010 3.21 803.00 4599.00 -1000.00
159393 4 -50.00 6422.00 0.0010 4.99 835.00 4409.50 -1000.00
159394 4 -50.00 6455.50 0.0010 3.40 820.50 4424.00 -1000.00
159395 4 -50.00 6424.50 0.0010 4.94 855.00 4442.00 -1000.00
159432 4 -50.00 7283.00 0.0010 5.14 1135.50 5290.00 -1000.00
159460 4 -50.00 5993.50 0.0010 3.13 1112.00 3826.00 -1000.00
159461 4 -50.00 5956.50 0.0010 6.49 1129.50 3803.00 -1000.00
159462 4 -50.00 5961.00 0.0010 4.24 1143.00 3771.00 -1000.00
159463 4 -50.00 5980.50 0.0010 4.80 1117.50 3843.00 -1000.00
159465 4 -50.00 5960.00 0.0010 9.00 1192.50 3762.00 -1000.00
159474 4 -50.00 6073.50 0.0010 5.87 1301.50 3673.50 -1000.00
159482 2 -50.00 3248.50 0.0010 4.48 1299.50 1186.50 -1000.00
159530 3 -50.00 5628.00 0.0010 3.79 1539.00 3021.50 -1000.00
159531 3 -50.00 5674.00 0.0010 4.72 1549.00 3417.50 -1000.00
159552 3 -50.00 5163.50 0.0010 3.75 1450.50 2772.00 -1000.00
159555 3 -50.00 5432.50 0.0010 3.91 1553.00 2788.50 -1000.00
159557 3 -50.00 4921.50 0.0010 4.68 1526.50 2600.50 -1000.00
159558 3 -50.00 5552.50 0.0010 3.32 1447.50 3121.00 -1000.00
159561 2 -50.00 3183.50 0.0010 7.88 202.50 2730.00 -1000.00
159564 3 -50.00 4784.50 0.0010 4.52 1541.50 2189.50 -1000.00
159565 3 -50.00 4883.50 0.0010 5.29 1529.00 2436.00 -1000.00
159566 3 -50.00 4553.50 0.0010 3.76 1500.50 2085.00 -1000.00
159584 3 -50.00 5641.50 0.0010 3.60 1451.00 3513.50 -1000.00
159588 3 -50.00 5445.50 0.0010 4.69 1511.00 2986.50 -1000.00
159589 3 -50.00 5648.00 0.0010 3.03 1452.00 3500.50 -1000.00
159591 3 -50.00 5643.50 0.0010 3.55 1204.00 3739.50 -1000.00
159592 3 -50.00 5646.00 0.0010 3.59 1533.00 3416.00 -1000.00
159609 4 -50.00 6946.00 0.0010 14.75 1498.50 3026.00 -1000.00
159611 4 -50.00 6163.00 0.0010 5.78 1441.50 1187.50 -1000.00
159613 4 -50.00 7015.00 0.0010 21.23 1060.50 3853.50 -1000.00
159614 4 -50.00 7039.50 0.0010 34.37 1029.00 5948.50 -1000.00
159636 4 -50.00 7012.00 0.0010 3.33 1144.50 4863.50 -1000.00
159637 4 -50.00 6998.00 0.0010 3.87 1132.50 4777.50 -1000.00
159638 4 -50.00 6995.50 0.0010 10.41 1109.00 4835.00 -1000.00
159639 4 -50.00 7004.50 0.0010 10.37 1094.00 4996.50 -1000.00
159640 4 -50.00 7007.50 0.0010 9.89 1086.00 4750.50 -1000.00
159641 4 -50.00 7011.00 0.0010 9.47 1077.00 4831.00 -1000.00
159642 4 -50.00 7013.00 0.0010 9.69 1152.50 4759.50 -1000.00
159643 4 -50.00 7014.00 0.0010 9.76 1079.00 4846.50 -1000.00
159645 4 -50.00 7014.00 0.0010 3.29 1095.00 4813.50 -1000.00
159646 4 -50.00 7013.00 0.0010 6.81 1072.00 4860.00 -1000.00
159647 4 -50.00 7011.00 0.0010 8.97 1130.00 4886.50 -1000.00
159648 4 -50.00 7020.50 0.0010 12.05 1094.00 4814.50 -1000.00
159649 4 -50.00 7016.50 0.0010 10.74 1176.00 4702.50 -1000.00
159650 4 -50.00 7020.50 0.0010 12.99 1125.00 4755.00 -1000.00
159651 4 -50.00 7014.50 0.0010 4.11 1103.50 4841.50 -1000.00
159652 4 -50.00 6956.00 0.0010 4.04 1084.00 4497.00 -1000.00
159653 4 -50.00 7018.50 0.0010 8.37 1119.50 4788.00 -1000.00
159654 4 -50.00 7013.50 0.0010 8.49 1147.00 4665.50 -1000.00
159655 4 -50.00 7013.50 0.0010 9.34 1114.00 4784.50 -1000.00
159656 4 -50.00 7014.50 0.0010 9.62 1098.00 4799.50 -1000.00
159657 4 -50.00 7009.00 0.0010 3.96 1069.50 5020.00 -1000.00
159658 4 -50.00 7019.00 0.0010 8.84 1108.50 4810.50 -1000.00
159659 4 -50.00 7013.50 0.0010 4.44 1107.50 4893.00 -1000.00
162543 4 -50.00 6444.00 0.0010 4.75 1413.50 3689.00 -1000.00
162709 4 -50.00 7032.00 0.0010 5.35 1077.00 5839.50 -1000.00
162710 4 -50.00 6918.00 0.0010 13.25 1048.50 4872.00 -1000.00
162711 4 -50.00 7034.50 0.0010 10.64 1073.00 5824.50 -1000.00
162713 4 -50.00 6984.00 0.0010 42.00 1209.00 4738.50 -1000.00
162716 4 -50.00 6968.50 0.0010 34.22 1363.50 4407.00 -1000.00
162717 4 -50.00 7022.00 0.0010 42.57 1281.00 4688.00 -1000.00
162718 4 -50.00 7015.50 0.0010 32.49 1392.50 4490.00 -1000.00
162719 4 -50.00 6960.50 0.0010 39.12 1215.50 4756.00 -1000.00
162722 4 -50.00 7021.50 0.0010 49.52 1233.50 4586.00 -1000.00
162723 4 -50.00 7026.00 0.0010 68.11 1192.00 5775.50 -1000.00
162724 4 -50.00 7027.50 0.0010 62.16 1218.00 5732.50 -1000.00
162725 4 -50.00 7028.00 0.0010 59.87 1233.50 5708.50 -1000.00
162727 4 -50.00 7018.00 0.0010 57.22 1349.00 4593.50 -1000.00
162728 4 -50.00 7021.00 0.0010 59.75 1215.00 4679.00 -1000.00
162729 4 -50.00 6971.50 0.0010 38.96 1202.50 4741.00 -1000.00
162730 4 -50.00 7027.00 0.0010 58.81 1196.50 5753.00 -1000.00
162731 4 -50.00 6489.50 0.0010 47.60 1195.50 4658.00 -1000.00
162732 4 -50.00 6014.00 0.0010 27.45 1213.00 4550.50 -1000.00
162733 4 -50.00 7028.00 0.0010 61.23 1210.00 5738.00 -1000.00
162734 4 -50.00 7034.00 0.0010 71.73 823.00 5987.50 -1000.00
162742 3 -50.00 4471.50 0.0010 5.27 691.00 3343.50 -1000.00
162743 3 -50.00 5065.00 0.0010 5.47 696.00 4295.00 -1000.00
162744 3 -50.00 5060.50 0.0010 5.18 661.00 4216.50 -1000.00
162745 3 -50.00 4999.00 0.0010 43.48 684.00 3366.50 -1000.00
162746 3 -50.00 4496.50 0.0010 54.06 653.00 3256.50 -1000.00
162747 3 -50.00 4995.50 0.0010 50.74 698.00 3375.50 -1000.00
162748 3 -50.00 4800.00 0.0010 59.86 697.50 3339.50 -1000.00
162749 3 -50.00 4645.50 0.0010 38.96 679.50 4176.50 -1000.00
162750 3 -50.00 5152.50 0.0010 53.18 704.00 4028.00 -1000.00
162751 3 -50.00 4488.00 0.0010 45.87 751.00 3802.50 -1000.00
162752 3 -50.00 4486.00 0.0010 46.84 682.50 3965.50 -1000.00
162753 3 -50.00 4998.00 0.0010 55.08 672.00 4456.50 -1000.00
162777 4 -50.00 6454.50 0.0010 9.80 719.00 4778.50 -1000.00
162778 4 -50.00 6473.50 0.0010 10.07 705.50 4768.50 -1000.00
162779 4 -50.00 6532.00 0.0010 12.78 767.50 4637.50 -1000.00
162780 4 -50.00 6989.50 0.0010 12.70 681.00 5768.50 -1000.00
162781 4 -50.00 6913.00 0.0010 11.85 737.00 5839.00 -1000.00
162783 4 -50.00 6658.00 0.0010 7.99 733.50 5787.00 -1000.00
162989 4 -50.00 7010.00 0.0010 3.42 787.50 5663.50 -1000.00
162996 4 -50.00 6972.00 0.0010 3.37 623.50 5814.50 -1000.00
162997 4 -50.00 6973.00 0.0010 3.31 580.50 5829.50 -1000.00
163000 4 -50.00 7022.50 0.0010 4.58 505.00 5925.50 -1000.00
163001 4 -50.00 7032.50 0.0010 5.47 533.50 5869.00 -1000.00
163002 4 -50.00 6981.00 0.0010 4.18 579.00 5831.50 -1000.00
163003 4 -50.00 7006.50 0.0010 4.41 601.00 5812.50 -1000.00
163004 4 -50.00 6989.50 0.0010 4.17 660.00 5778.50 -1000.00
163005 4 -50.00 7016.00 0.0010 5.46 607.00 5600.00 -1000.00
163077 4 -50.00 7948.00 0.0010 15.40 279.00 6231.50 -1000.00
163078 5 -50.00 8511.50 0.0010 11.50 1340.00 5011.50 -1000.00
163079 4 -50.00 7927.00 0.0010 5.83 312.50 6353.50 -1000.00
163080 4 -50.00 7932.50 0.0010 5.90 272.50 6120.50 -1000.00
163081 4 -50.00 7935.50 0.0010 6.10 1296.50 5342.00 -1000.00
163082 5 -50.00 7951.50 0.0010 6.49 1427.00 4897.00 -1000.00
163083 4 -50.00 7930.50 0.0010 6.65 270.00 6041.50 -1000.00
163084 4 -50.00 7934.00 0.0010 5.61 332.00 6732.00 -1000.00
163085 4 -50.00 7931.50 0.0010 7.52 315.50 6083.00 -1000.00
163086 4 -50.00 7944.50 0.0010 7.69 269.00 6139.50 -1000.00
163087 4 -50.00 6975.00 0.0010 3.01 340.00 5959.50 -1000.00
163088 4 -50.00 6959.00 0.0010 3.18 340.50 5904.50 -1000.00
163089 4 -50.00 7927.50 0.0010 7.39 341.00 6918.00 -1000.00
163101 1 -50.00 1256.50 0.0010 4.05 nan nan -1000.00
163102 4 -50.00 6550.50 0.0010 11.59 1072.00 4354.50 -1000.00
163103 4 -50.00 6427.50 0.0010 51.47 976.50 4512.50 -1000.00
163104 3 -50.00 5587.00 0.0010 33.59 954.50 3435.50 -1000.00
163105 4 -50.00 6321.00 0.0010 42.33 931.50 4558.50 -1000.00
163106 4 -50.00 6379.50 0.0010 44.52 922.50 4651.00 -1000.00
163107 4 -50.00 6109.00 0.0010 39.76 1011.50 4516.00 -1000.00
163108 4 -50.00 6118.00 0.0010 39.52 1176.50 4372.50 -1000.00
163109 4 -50.00 6299.50 0.0010 43.64 1251.00 4234.00 -1000.00
163110 4 -50.00 6179.50 0.0010 40.15 1148.50 4409.00 -1000.00
163111 4 -50.00 6164.50 0.0010 36.50 1205.50 4279.00 -1000.00
163112 3 -50.00 5902.50 0.0010 49.56 1213.00 4265.00 -1000.00
163113 4 -50.00 6020.50 0.0010 30.41 1176.50 4356.50 -1000.00
163114 4 -50.00 5972.00 0.0010 30.26 1259.50 4315.00 -1000.00
163115 4 -50.00 5985.50 0.0010 28.22 1171.50 4382.50 -1000.00
163116 3 -50.00 5541.00 0.0010 33.87 1681.50 2733.00 -1000.00
163117 3 -50.00 5458.50 0.0010 39.29 1571.00 2835.00 -1000.00
163118 3 -50.00 5443.00 0.0010 43.96 1618.50 2795.50 -1000.00
163119 3 -50.00 5434.50 0.0010 42.93 1431.50 3038.50 -1000.00
163120 3 -50.00 5444.00 0.0010 43.13 1495.50 2914.50 -1000.00
163121 3 -50.00 5441.00 0.0010 44.73 1451.00 2976.00 -1000.00
163122 4 -50.00 6083.00 0.0010 35.74 670.50 3750.50 -1000.00
163123 1 -50.00 1636.00 0.0010 25.78 574.00 298.50 -1000.00
163124 1 -50.00 1664.50 0.0010 28.11 605.50 302.00 -1000.00
163125 3 -50.00 5666.00 0.0010 41.03 563.00 3863.50 -1000.00
163126 3 -50.00 5714.00 0.0010 38.38 1421.00 4223.00 -1000.00
163127 3 -50.00 5444.00 0.0010 42.77 1487.50 2959.50 -1000.00
163128 4 -50.00 5999.50 0.0010 27.66 1160.50 4424.50 -1000.00
163129 4 -50.00 5964.00 0.0010 27.69 1187.50 4294.50 -1000.00
163130 1 -50.00 1482.00 0.0010 27.96 nan nan -1000.00
163144 3 -50.00 4899.00 0.0010 77.72 690.50 3159.00 -1000.00
163145 3 -50.00 5014.00 0.0010 73.92 713.50 4292.00 -1000.00
163146 3 -50.00 4897.00 0.0010 75.72 704.00 3704.00 -1000.00
163147 3 -50.00 5029.00 0.0010 75.87 693.50 4324.50 -1000.00
163148 3 -50.00 4886.50 0.0010 49.43 668.00 3675.50 -1000.00
163149 3 -50.00 4893.50 0.0010 67.78 698.00 4329.00 -1000.00
163150 3 -50.00 4892.50 0.0010 58.41 664.00 3693.00 -1000.00
163151 3 -50.00 5182.50 0.0010 64.14 683.50 4327.00 -1000.00
163152 3 -50.00 5217.00 0.0010 64.16 670.00 4392.50 -1000.00
163153 3 -50.00 4803.50 0.0010 33.13 686.00 1582.50 -1000.00
163155 3 -50.00 4887.50 0.0010 66.68 708.50 3731.00 -1000.00
163156 3 -50.00 4898.00 0.0010 57.20 735.50 3659.00 -1000.00
163157 3 -50.00 5114.00 0.0010 59.91 680.50 4351.00 -1000.00
163158 3 -50.00 5168.50 0.0010 74.88 813.00 4182.00 -1000.00
163160 1 -50.00 1004.50 0.0010 72.31 nan nan -1000.00
163161 3 -50.00 5874.50 0.0010 90.37 703.00 3700.00 -1000.00
163162 3 -50.00 5304.00 0.0010 95.67 745.00 4299.50 -1000.00
163163 3 -50.00 4889.00 0.0010 66.79 670.00 4377.50 -1000.00
163164 3 -50.00 4890.00 0.0010 76.38 695.00 4317.00 -1000.00
163165 3 -50.00 4895.00 0.0010 84.25 753.00 4253.50 -1000.00
163166 3 -50.00 5120.50 0.0010 90.80 683.50 4313.00 -1000.00
163167 3 -50.00 5324.00 0.0010 96.92 730.50 4198.50 -1000.00
163168 3 -50.00 5546.00 0.0010 78.96 670.50 4371.00 -1000.00
163169 3 -50.00 5696.50 0.0010 95.07 683.50 4271.00 -1000.00
163170 3 -50.00 5469.50 0.0010 86.69 743.50 4242.00 -1000.00
163171 3 -50.00 5270.00 0.0010 76.24 741.50 4190.50 -1000.00
163172 3 -50.00 5163.50 0.0010 85.88 776.50 4222.50 -1000.00
163173 3 -50.00 5420.50 0.0010 97.25 678.00 4302.50 -1000.00
163174 3 -50.00 4886.50 0.0010 65.18 735.50 4313.50 -1000.00
163175 3 -50.00 5372.00 0.0010 74.52 733.00 4224.50 -1000.00
163176 3 -50.00 5485.00 0.0010 93.15 677.50 4418.50 -1000.00
163177 3 -50.00 5506.50 0.0010 86.87 689.00 4316.00 -1000.00
163178 3 -50.00 5191.50 0.0010 89.06 685.50 4420.50 -1000.00
163179 3 -50.00 5385.00 0.0010 95.91 744.00 4314.50 -1000.00
163180 3 -50.00 5246.00 0.0010 79.55 795.00 4213.50 -1000.00
163181 3 -50.00 4908.00 0.0010 54.79 675.00 3773.00 -1000.00
163182 3 -50.00 4903.50 0.0010 46.43 724.00 3746.00 -1000.00
163183 3 -50.00 4923.50 0.0010 60.16 693.00 3751.50 -1000.00
163184 3 -50.00 4916.00 0.0010 65.55 733.50 3681.00 -1000.00
164298 4 -50.00 7377.00 0.0010 73.94 1092.00 5695.00 -1000.00
164463 4 -50.00 6225.50 0.0010 46.96 1121.00 4330.00 -1000.00
164464 4 -50.00 6159.50 0.0010 52.15 1054.00 4413.00 -1000.00
164465 4 -50.00 7012.50 0.0010 62.18 1051.50 5133.00 -1000.00
164466 3 -50.00 5429.50 0.0010 118.58 725.00 3625.00 -1000.00
164467 3 -50.00 5420.00 0.0010 123.55 714.00 3714.50 -1000.00
164468 3 -50.00 5428.50 0.0010 117.22 712.50 3728.00 -1000.00
164485 3 -50.00 5375.50 0.0010 3.33 883.50 2937.00 -1000.00
164486 4 -50.00 7014.00 0.0010 13.19 801.50 5146.00 -1000.00
164492 3 -50.00 5938.00 0.0010 23.97 790.50 4139.50 -1000.00
164493 3 -50.00 5937.00 0.0010 7.29 780.00 4161.50 -1000.00
164494 3 -50.00 5938.50 0.0010 7.36 750.50 4215.50 -1000.00
164495 3 -50.00 5943.00 0.0010 24.54 856.00 4076.50 -1000.00
164496 3 -50.00 5940.50 0.0010 22.47 745.50 4209.50 -1000.00
164497 3 -50.00 5934.00 0.0010 24.58 794.00 4166.00 -1000.00
164498 3 -50.00 5936.50 0.0010 21.76 757.50 4174.00 -1000.00
164499 3 -50.00 5936.00 0.0010 21.52 828.50 4085.50 -1000.00
164500 2 -50.00 3375.00 0.0010 16.79 201.00 2279.50 -1000.00
164501 3 -50.00 5393.00 0.0010 18.99 779.00 3721.00 -1000.00
164502 2 -50.00 3557.50 0.0010 12.50 201.00 2324.00 -1000.00
164504 4 -50.00 7056.50 0.0010 21.67 741.00 4338.00 -1000.00
164505 3 -50.00 5946.00 0.0010 18.88 751.00 4130.50 -1000.00
164506 3 -50.00 5942.00 0.0010 21.73 747.00 4215.00 -1000.00
164507 3 -50.00 5941.00 0.0010 18.95 829.00 4084.50 -1000.00
164508 3 -50.00 5939.00 0.0010 21.11 782.00 4193.50 -1000.00
164509 4 -50.00 6699.50 0.0010 16.97 822.00 4189.00 -1000.00
164510 4 -50.00 7042.50 0.0010 23.84 756.00 4287.00 -1000.00
164511 2 -50.00 3153.00 0.0010 8.27 743.00 1268.50 -1000.00
164512 2 -50.00 3142.00 0.0010 7.68 795.50 1701.00 -1000.00
164518 4 -50.00 7116.00 0.0010 17.49 838.50 5589.50 -1000.00
164519 4 -50.00 6996.00 0.0010 16.34 744.00 4027.50 -1000.00
164520 3 -50.00 4816.00 0.0010 5.91 752.00 3217.50 -1000.00
164521 2 -50.00 3178.50 0.0010 6.14 201.00 2195.50 -1000.00
164522 2 -50.00 3357.50 0.0010 8.14 926.50 1484.50 -1000.00
164530 3 -50.00 5897.00 0.0010 27.82 835.00 4031.00 -1000.00
164531 3 -50.00 5897.50 0.0010 25.58 815.50 4049.50 -1000.00
164532 3 -50.00 5895.50 0.0010 26.06 739.00 4140.00 -1000.00
164534 3 -50.00 5902.00 0.0010 23.89 741.00 4157.50 -1000.00
164535 3 -50.00 5507.00 0.0010 17.74 898.50 3809.00 -1000.00
164536 3 -50.00 4615.50 0.0010 4.08 777.00 3066.00 -1000.00
164537 3 -50.00 5221.00 0.0010 14.78 758.00 3689.00 -1000.00
164539 3 -50.00 5899.00 0.0010 46.90 752.00 4228.00 -1000.00
164540 3 -50.00 5899.00 0.0010 23.55 744.50 4169.50 -1000.00
164541 3 -50.00 5900.50 0.0010 23.69 746.00 4214.00 -1000.00
164542 3 -50.00 5672.50 0.0010 21.16 773.00 4104.00 -1000.00
164552 3 -50.00 5944.50 0.0010 31.50 1679.00 3162.50 -1000.00
164559 4 -50.00 5974.00 0.0010 5.20 1650.00 3317.50 -1000.00
164596 4 -50.00 6530.00 0.0010 14.61 1447.50 3088.00 -1000.00
164597 2 -50.00 3747.50 0.0010 56.22 1200.00 1137.50 -1000.00
164598 2 -50.00 3882.00 0.0010 59.77 1201.50 2650.50 -1000.00
164599 4 -50.00 6534.50 0.0010 26.38 1232.50 4830.50 -1000.00
164600 3 -50.00 4716.50 0.0010 44.69 1271.50 3276.00 -1000.00
164601 3 -50.00 4441.50 0.0010 45.51 1275.00 2162.00 -1000.00
164602 3 -50.00 4449.00 0.0010 49.18 1286.00 2145.50 -1000.00
164603 4 -50.00 6420.00 0.0010 15.23 1198.50 3749.50 -1000.00
164604 4 -50.00 6739.50 0.0010 26.17 1220.00 4897.50 -1000.00
164605 3 -50.00 4460.50 0.0010 42.10 1212.00 2251.50 -1000.00
164606 4 -50.00 6881.00 0.0010 40.48 1287.50 4747.00 -1000.00
164607 4 -50.00 6777.50 0.0010 25.28 1195.50 4805.00 -1000.00
164608 4 -50.00 6796.00 0.0010 26.57 1213.00 4831.50 -1000.00
164609 1 -50.00 281.50 0.0010 11.87 nan nan -1000.00
164610 4 -50.00 6816.00 0.0010 27.64 1214.00 4809.00 -1000.00
164611 3 -50.00 5360.00 0.0010 65.35 1206.00 3151.50 -1000.00
164612 3 -50.00 4723.50 0.0010 35.67 1199.50 3433.50 -1000.00
164613 4 -50.00 6930.50 0.0010 18.98 1192.00 4784.00 -1000.00
164614 4 -50.00 7012.00 0.0010 28.45 1210.00 4724.00 -1000.00
164618 4 -50.00 6415.50 0.0010 21.30 1176.00 4225.50 -1000.00
164619 3 -50.00 5678.00 0.0010 21.08 1175.00 3238.00 -1000.00
164620 3 -50.00 5356.00 0.0010 18.73 1163.00 3255.50 -1000.00
164621 3 -50.00 5583.50 0.0010 19.88 1162.00 3282.00 -1000.00
164622 1 -50.00 351.00 0.0010 3.73 nan nan -1000.00
164623 4 -50.00 6247.50 0.0010 23.64 1192.00 3257.50 -1000.00
164624 4 -50.00 6542.00 0.0010 21.00 1174.50 4275.50 -1000.00
164625 4 -50.00 6427.50 0.0010 21.18 1243.00 4223.50 -1000.00
164628 4 -50.00 6314.00 0.0010 21.78 1203.00 4246.00 -1000.00
164629 4 -50.00 6406.00 0.0010 20.10 1188.50 4289.50 -1000.00
164642 4 -50.00 6358.50 0.0010 18.26 1167.00 4338.00 -1000.00
164649 3 -50.00 4465.50 0.0010 47.28 1203.00 2234.50 -1000.00
164650 3 -50.00 4458.00 0.0010 52.65 1205.00 2187.50 -1000.00
164675 4 -50.00 5975.50 0.0010 20.74 1657.00 3301.50 -1000.00
164681 4 -50.00 5967.50 0.0010 20.54 1651.00 3208.00 -1000.00
164787 4 -50.00 6891.50 0.0010 3.17 811.00 5324.00 -1000.00
164789 4 -50.00 6899.50 0.0010 3.61 856.50 5293.50 -1000.00
164799 4 -50.00 6897.50 0.0010 3.88 953.00 5002.00 -1000.00
164800 4 -50.00 6899.00 0.0010 6.01 1052.50 4893.00 -1000.00
164801 4 -50.00 6901.00 0.0010 6.19 975.00 4969.50 -1000.00
164806 4 -50.00 6889.00 0.0010 6.23 699.50 5248.00 -1000.00
164820 4 -50.00 7014.50 0.0010 111.21 472.00 5470.50 -1000.00
164824 4 -50.00 7011.00 0.0010 26.32 1462.00 2518.00 -1000.00
164825 4 -50.00 7049.00 0.0010 19.86 1350.00 3112.50 -1000.00
164826 2 -50.00 3802.50 0.0010 83.92 476.50 2402.00 -1000.00
164827 2 -50.00 3413.00 0.0010 58.89 1407.50 1138.50 -1000.00
164828 2 -50.00 3493.00 0.0010 63.19 1416.00 1106.00 -1000.00
164829 2 -50.00 3534.00 0.0010 67.13 457.50 2115.00 -1000.00
164830 2 -50.00 3411.50 0.0010 69.79 472.00 2118.50 -1000.00
164831 4 -50.00 7029.00 0.0010 37.47 460.00 4149.50 -1000.00
164832 4 -50.00 7033.50 0.0010 18.07 467.50 6113.00 -1000.00
164834 2 -50.00 3896.50 0.0010 68.74 483.00 2396.50 -1000.00
164835 3 -50.00 4161.00 0.0010 72.07 487.50 2619.00 -1000.00
164836 4 -50.00 7030.50 0.0010 39.06 559.00 5368.50 -1000.00
164837 3 -50.00 4193.50 0.0010 62.66 470.00 2827.50 -1000.00
164839 3 -50.00 3985.00 0.0010 64.92 473.00 2514.50 -1000.00
164840 2 -50.00 3423.00 0.0010 64.49 541.50 1876.50 -1000.00
164841 2 -50.00 3812.00 0.0010 65.87 466.50 2520.00 -1000.00
164843 4 -50.00 7026.50 0.0010 20.49 489.00 6170.50 -1000.00
164844 2 -50.00 3800.00 0.0010 73.26 469.00 2498.50 -1000.00
164845 2 -50.00 3737.50 0.0010 74.27 495.00 2262.00 -1000.00
164846 2 -50.00 3793.00 0.0010 79.69 468.00 2478.00 -1000.00
164847 3 -50.00 3964.00 0.0010 29.17 479.00 2497.50 -1000.00
164848 2 -50.00 3749.00 0.0010 63.78 469.00 2454.00 -1000.00
164851 2 -50.00 3375.00 0.0010 66.82 667.00 1905.50 -1000.00
164852 4 -50.00 7027.50 0.0010 45.50 773.50 4117.00 -1000.00
164853 2 -50.00 3614.00 0.0010 86.78 675.00 2057.50 -1000.00
164854 4 -50.00 7030.00 0.0010 49.88 675.00 4165.00 -1000.00
164870 4 -50.00 6031.50 0.0010 200.76 867.00 4889.00 -1000.00
164873 3 -50.00 5692.50 0.0010 164.30 939.50 4019.00 -1000.00
164874 3 -50.00 5771.00 0.0010 210.72 902.00 4064.00 -1000.00
164875 3 -50.00 5764.00 0.0010 222.16 207.00 4753.50 -1000.00
164877 3 -50.00 5812.00 0.0010 214.91 1004.50 4747.00 -1000.00
164878 3 -50.00 5783.50 0.0010 149.40 878.00 4844.50 -1000.00
164879 3 -50.00 5581.00 0.0010 223.17 204.50 4768.00 -1000.00
164880 4 -50.00 6380.00 0.0010 230.09 204.50 6082.00 -1000.00
164883 3 -50.00 5694.50 0.0010 159.04 872.50 4070.00 -1000.00
164884 3 -50.00 5803.00 0.0010 180.15 209.50 5532.50 -1000.00
164886 3 -50.00 5790.50 0.0010 203.75 205.50 4716.50 -1000.00
164892 3 -50.00 5819.00 0.0010 188.42 996.50 4760.00 -1000.00
164895 3 -50.00 5750.00 0.0010 164.97 986.50 3949.00 -1000.00
164896 3 -50.00 5789.00 0.0010 166.09 992.50 3936.00 -1000.00
164897 3 -50.00 5879.50 0.0010 172.04 1021.00 4772.50 -1000.00
164898 3 -50.00 5750.00 0.0010 180.37 990.50 3969.00 -1000.00
164899 3 -50.00 5888.50 0.0010 172.58 965.00 3988.50 -1000.00
164900 3 -50.00 5856.50 0.0010 162.22 215.00 5585.50 -1000.00
164901 3 -50.00 5725.00 0.0010 177.96 202.00 4708.00 -1000.00
164902 3 -50.00 5682.00 0.0010 158.61 1058.00 3871.50 -1000.00
164903 3 -50.00 5682.50 0.0010 177.39 999.50 3960.50 -1000.00
164907 3 -50.00 5684.50 0.0010 40.16 1027.00 3960.50 -1000.00
164910 4 -50.00 7023.50 0.0010 44.13 1452.50 4268.00 -1000.00
164911 4 -50.00 7025.50 0.0010 43.82 1430.50 3663.00 -1000.00
164912 4 -50.00 7026.50 0.0010 41.74 1780.00 3342.00 -1000.00
164913 3 -50.00 5802.50 0.0010 4.39 1541.50 882.50 -1000.00
165149 4 -50.00 6667.00 0.0010 20.96 1275.50 4059.50 -1000.00
165151 4 -50.00 7031.50 0.0010 18.08 1069.00 4251.00 -1000.00
165153 3 -50.00 4822.50 0.0010 33.84 1216.50 3441.00 -1000.00
165196 4 -50.00 7380.00 0.0010 3.59 1064.00 5636.00 -1000.00
165202 4 -50.00 6665.00 0.0010 14.01 1410.00 4530.50 -1000.00
165203 4 -50.00 6681.50 0.0010 6.30 1453.00 4465.50 -1000.00
165204 4 -50.00 6635.50 0.0010 9.09 1422.50 4482.50 -1000.00
165205 4 -50.00 6666.00 0.0010 5.73 1421.50 4777.00 -1000.00
165210 4 -50.00 6667.00 0.0010 3.37 1418.00 4504.50 -1000.00
165214 4 -50.00 6684.50 0.0010 8.63 1536.00 4413.50 -1000.00
165215 4 -50.00 6672.50 0.0010 8.36 1408.50 4511.00 -1000.00
165218 4 -50.00 6682.50 0.0010 8.63 1409.50 4545.50 -1000.00
165219 4 -50.00 6320.50 0.0010 7.91 1416.00 4543.00 -1000.00
165220 4 -50.00 6678.50 0.0010 8.06 1436.50 4503.50 -1000.00
165221 4 -50.00 6645.00 0.0010 7.85 1418.50 4516.50 -1000.00
165222 4 -50.00 6700.00 0.0010 7.79 1439.00 4521.00 -1000.00
165223 4 -50.00 6678.50 0.0010 9.01 1408.50 4536.50 -1000.00
165225 4 -50.00 6660.00 0.0010 11.12 1415.50 4544.00 -1000.00
165252 4 -50.00 7072.00 0.0010 67.48 1271.50 5697.50 -1000.00
165260 4 -50.00 6943.50 0.0010 7.71 540.00 4264.00 -1000.00
165262 4 -50.00 7139.00 0.0010 10.90 1296.00 3461.00 -1000.00
165264 4 -50.00 7547.00 0.0010 11.48 1235.00 4504.00 -1000.00
165266 4 -50.00 6635.00 0.0010 3.08 1431.50 4514.00 -1000.00
165269 4 -50.00 6651.50 0.0010 14.32 1414.00 4544.00 -1000.00
165270 4 -50.00 6638.50 0.0010 7.41 1407.50 4545.50 -1000.00
165275 4 -50.00 6647.50 0.0010 9.19 1421.50 4529.00 -1000.00
165276 4 -50.00 6651.00 0.0010 6.23 1410.00 4549.50 -1000.00
165277 4 -50.00 6641.50 0.0010 13.41 1404.00 4528.00 -1000.00
165278 4 -50.00 6658.00 0.0010 6.38 1406.50 4521.50 -1000.00
165280 3 -50.00 4552.50 0.0010 12.08 1450.50 2447.00 -1000.00
165281 4 -50.00 6642.00 0.0010 17.37 1416.00 4546.00 -1000.00
165295 4 -50.00 6806.00 0.0010 15.15 1161.00 4740.50 -1000.00
165296 4 -50.00 6834.00 0.0010 20.31 1187.50 4657.00 -1000.00
165297 4 -50.00 6489.50 0.0010 16.42 1185.50 4659.50 -1000.00
165298 4 -50.00 6715.50 0.0010 20.60 1181.00 4736.00 -1000.00
165299 4 -50.00 6832.00 0.0010 15.33 1174.00 4651.00 -1000.00
165300 4 -50.00 6797.50 0.0010 54.48 1202.00 4648.50 -1000.00
165301 4 -50.00 6700.00 0.0010 19.32 1174.00 4698.50 -1000.00
165302 4 -50.00 6969.00 0.0010 19.97 1176.00 4624.50 -1000.00
165303 4 -50.00 6698.50 0.0010 14.91 1159.00 3749.50 -1000.00
165304 4 -50.00 6919.50 0.0010 34.94 1179.00 4700.50 -1000.00
165305 4 -50.00 6661.50 0.0010 14.21 1160.50 4729.50 -1000.00
165306 4 -50.00 6861.00 0.0010 7.04 944.00 4977.00 -1000.00
165307 4 -50.00 6879.50 0.0010 8.46 1149.00 4775.50 -1000.00
165308 4 -50.00 6882.00 0.0010 14.54 956.00 4989.50 -1000.00
165309 4 -50.00 6877.50 0.0010 12.55 1171.00 4728.00 -1000.00
165310 4 -50.00 6851.50 0.0010 3.95 1182.50 4760.00 -1000.00
165311 4 -50.00 6878.50 0.0010 4.21 1188.50 4759.00 -1000.00
165312 4 -50.00 6868.00 0.0010 5.98 1145.00 4775.50 -1000.00
165313 4 -50.00 6880.00 0.0010 14.78 1175.50 4705.00 -1000.00
165314 4 -50.00 6891.50 0.0010 6.70 993.50 4953.00 -1000.00
165315 4 -50.00 6880.00 0.0010 8.55 965.50 5003.50 -1000.00
165316 4 -50.00 6861.00 0.0010 12.29 1032.00 4870.50 -1000.00
165317 4 -50.00 6884.50 0.0010 4.89 1217.50 4704.50 -1000.00
165318 4 -50.00 6865.00 0.0010 5.40 1247.00 4701.50 -1000.00
165319 4 -50.00 6878.00 0.0010 5.09 1141.50 4796.00 -1000.00
165320 4 -50.00 6880.50 0.0010 8.13 1010.50 4921.50 -1000.00
165321 4 -50.00 6864.00 0.0010 19.68 203.00 5243.00 -1000.00
165322 4 -50.00 6866.00 0.0010 11.38 1505.50 3930.00 -1000.00
165323 4 -50.00 6858.00 0.0010 11.59 1590.50 3836.50 -1000.00
165325 4 -50.00 6864.50 0.0010 11.09 957.00 4427.50 -1000.00
165349 4 -50.00 6693.00 0.0010 19.22 961.50 4494.00 -1000.00
165350 4 -50.00 6914.50 0.0010 13.11 1115.00 4338.50 -1000.00
165351 4 -50.00 7004.50 0.0010 15.65 927.50 4527.00 -1000.00
165352 4 -50.00 6856.00 0.0010 12.05 945.00 4476.00 -1000.00
165353 4 -50.00 7024.00 0.0010 22.69 949.00 5342.50 -1000.00
165354 4 -50.00 7018.00 0.0010 26.39 945.50 5881.00 -1000.00
165427 4 -50.00 6848.50 0.0010 37.46 451.00 6036.50 -1000.00
165428 4 -50.00 7008.50 0.0010 31.52 480.50 5205.00 -1000.00
165429 4 -50.00 6758.00 0.0010 33.80 445.00 5046.50 -1000.00
165430 4 -50.00 6545.50 0.0010 29.49 428.00 4889.50 -1000.00
165431 4 -50.00 6719.50 0.0010 16.08 290.50 5321.50 -1000.00
165432 4 -50.00 6972.50 0.0010 19.20 352.50 4217.00 -1000.00
165433 3 -50.00 4988.00 0.0010 9.79 233.50 3708.00 -1000.00
165434 4 -50.00 6446.50 0.0010 10.03 293.50 5049.00 -1000.00
165438 4 -50.00 6733.50 0.0010 10.77 316.50 5405.00 -1000.00
165439 4 -50.00 6201.50 0.0010 9.67 311.00 4486.00 -1000.00
165440 4 -50.00 6846.50 0.0010 14.10 305.00 5088.00 -1000.00
165441 4 -50.00 6405.50 0.0010 11.40 310.50 4896.00 -1000.00
165442 4 -50.00 5993.50 0.0010 11.66 230.00 3718.00 -1000.00
165443 3 -50.00 5907.00 0.0010 11.97 390.00 3551.50 -1000.00
165444 4 -50.00 6272.50 0.0010 12.48 240.00 4852.00 -1000.00
165445 3 -50.00 5783.00 0.0010 13.09 347.00 4566.00 -1000.00
165446 4 -50.00 6204.50 0.0010 13.22 301.00 3669.00 -1000.00
165447 4 -50.00 6275.50 0.0010 14.01 305.50 4502.50 -1000.00
165448 3 -50.00 5286.00 0.0010 11.84 240.50 3704.50 -1000.00
165449 4 -50.00 6132.00 0.0010 20.56 333.00 3607.50 -1000.00
165450 4 -50.00 6570.00 0.0010 20.83 297.00 3657.50 -1000.00
165451 4 -50.00 6637.50 0.0010 21.53 236.50 4569.00 -1000.00
165452 4 -50.00 6739.50 0.0010 19.87 387.00 3558.00 -1000.00
165454 4 -50.00 6258.00 0.0010 19.34 439.00 4499.00 -1000.00
165455 3 -50.00 5720.50 0.0010 12.60 320.50 4681.00 -1000.00
165460 4 -50.00 6185.50 0.0010 14.02 314.50 4572.00 -1000.00
165461 4 -50.00 6301.50 0.0010 13.95 303.50 4657.00 -1000.00
165462 3 -50.00 5878.50 0.0010 14.88 464.50 4421.50 -1000.00
165463 4 -50.00 6297.00 0.0010 11.95 484.50 3442.00 -1000.00
165464 4 -50.00 6338.00 0.0010 12.18 507.00 4245.00 -1000.00
165465 4 -50.00 6556.00 0.0010 12.53 535.00 4899.50 -1000.00
165466 4 -50.00 6787.00 0.0010 11.93 675.00 4010.00 -1000.00
165467 4 -50.00 6508.50 0.0010 11.63 692.50 4549.00 -1000.00
165468 4 -50.00 6683.00 0.0010 11.57 294.50 4353.50 -1000.00
165469 4 -50.00 6325.00 0.0010 11.48 306.00 4722.00 -1000.00
165470 4 -50.00 6889.00 0.0010 11.73 778.50 4101.50 -1000.00
165472 4 -50.00 7014.50 0.0010 10.34 935.50 5388.50 -1000.00
165473 4 -50.00 7029.00 0.0010 12.71 951.00 4377.50 -1000.00
165474 4 -50.00 7036.50 0.0010 13.39 991.50 4403.00 -1000.00
165475 4 -50.00 7029.00 0.0010 11.42 961.50 4468.00 -1000.00
165476 4 -50.00 7024.00 0.0010 8.48 959.50 4449.00 -1000.00
165477 4 -50.00 7035.00 0.0010 10.89 941.50 4415.00 -1000.00
165478 4 -50.00 7035.50 0.0010 11.50 944.50 4511.00 -1000.00
165479 4 -50.00 7033.50 0.0010 10.57 986.00 4431.50 -1000.00
165480 4 -50.00 7033.00 0.0010 11.27 944.50 4450.50 -1000.00
165481 4 -50.00 7032.50 0.0010 10.95 979.50 4440.00 -1000.00
165482 4 -50.00 7047.00 0.0010 11.92 930.00 4441.00 -1000.00
165483 4 -50.00 7041.00 0.0010 12.20 954.00 4411.00 -1000.00
165484 2 -50.00 3588.50 0.0010 11.44 928.00 1300.50 -1000.00
165491 3 -50.00 5852.00 0.0010 15.63 1856.50 3116.50 -1000.00
165492 3 -50.00 5794.50 0.0010 28.31 1740.00 3187.00 -1000.00
165530 4 -50.00 6039.00 0.0010 5.91 1311.50 3370.50 -1000.00
165537 3 -50.00 4551.50 0.0010 29.18 1293.50 3149.50 -1000.00
165538 3 -50.00 4650.50 0.0010 14.75 1280.50 2878.50 -1000.00
165541 3 -50.00 5440.50 0.0010 61.07 1564.50 3566.50 -1000.00
165545 3 -50.00 5567.00 0.0010 65.08 1415.00 4012.00 -1000.00
165546 2 -50.00 3297.00 0.0010 79.62 217.00 1885.00 -1000.00
165547 3 -50.00 5685.00 0.0010 55.29 215.50 4416.00 -1000.00
165548 3 -50.00 5932.50 0.0010 54.71 1274.00 3633.00 -1000.00
165549 2 -50.00 3628.00 0.0010 60.46 201.00 2232.50 -1000.00
165550 2 -50.00 3659.50 0.0010 112.31 1280.00 2155.50 -1000.00
165551 3 -50.00 5803.00 0.0010 54.94 1278.50 3522.50 -1000.00
165552 3 -50.00 5571.00 0.0010 58.89 1279.00 3252.50 -1000.00
165559 4 -50.00 6454.50 0.0010 24.72 1213.50 4650.00 -1000.00
165707 4 -50.00 6233.00 0.0010 33.00 1452.50 3385.50 -1000.00
165708 4 -50.00 6082.50 0.0010 20.56 1534.50 3439.00 -1000.00
165710 4 -50.00 6002.00 0.0010 11.57 1419.50 3552.00 -1000.00
165720 4 -50.00 6246.50 0.0010 21.31 1448.50 3525.00 -1000.00
165721 4 -50.00 6239.50 0.0010 39.58 1426.50 3543.00 -1000.00
165725 4 -50.00 6287.00 0.0010 51.70 1415.50 3557.50 -1000.00
165859 4 -50.00 7030.00 0.0010 35.03 1005.50 3777.00 -1000.00
165860 4 -50.00 7025.00 0.0010 32.12 961.50 3973.50 -1000.00
165861 4 -50.00 7025.50 0.0010 32.14 1074.00 3851.00 -1000.00
165862 4 -50.00 7027.00 0.0010 31.85 996.00 3943.50 -1000.00
165863 4 -50.00 7027.50 0.0010 27.32 971.00 3947.00 -1000.00
165864 4 -50.00 7017.00 0.0010 25.93 nan nan -1000.00
165865 4 -50.00 7023.00 0.0010 31.07 949.50 3984.50 -1000.00
165866 4 -50.00 7015.50 0.0010 30.06 983.00 3990.50 -1000.00
165867 4 -50.00 7024.50 0.0010 44.87 969.00 4001.50 -1000.00
165868 4 -50.00 7031.00 0.0010 48.57 996.50 3936.50 -1000.00
165869 4 -50.00 7021.50 0.0010 47.89 965.50 3972.00 -1000.00
165870 4 -50.00 7031.50 0.0010 52.00 1068.50 3884.00 -1000.00
165871 4 -50.00 7029.50 0.0010 46.82 992.50 3971.50 -1000.00
165872 4 -50.00 7017.00 0.0010 45.24 968.00 3950.00 -1000.00
165873 4 -50.00 7024.00 0.0010 43.98 985.50 3977.50 -1000.00
165874 4 -50.00 7025.00 0.0010 46.66 1008.50 3930.50 -1000.00
165875 4 -50.00 7023.50 0.0010 46.41 1081.00 3842.00 -1000.00
165876 4 -50.00 6013.50 0.0010 17.79 1006.00 3950.00 -1000.00
165877 4 -50.00 7031.00 0.0010 51.17 1043.00 3820.50 -1000.00
165878 4 -50.00 7031.00 0.0010 48.16 1058.00 3887.50 -1000.00
165948 4 -50.00 7014.50 0.0010 40.05 924.00 5631.00 -1000.00
165949 4 -50.00 6910.50 0.0010 35.82 926.00 5338.00 -1000.00
165950 4 -50.00 7017.50 0.0010 46.28 935.00 3923.50 -1000.00
165951 4 -50.00 6247.00 0.0010 15.30 951.00 4007.00 -1000.00
165952 4 -50.00 7014.50 0.0010 42.68 959.50 3993.00 -1000.00
165953 4 -50.00 7029.00 0.0010 43.79 940.50 3988.50 -1000.00
165954 4 -50.00 7027.50 0.0010 42.76 937.00 4024.00 -1000.00
165955 4 -50.00 7025.50 0.0010 40.79 963.50 4005.00 -1000.00
166433 4 -50.00 6069.50 0.0010 52.51 766.00 4640.50 -1000.00
166442 4 -50.00 6321.00 0.0010 101.17 1656.50 3676.50 -1000.00
166444 4 -50.00 6183.00 0.0010 101.55 1674.50 3722.00 -1000.00
166455 4 -50.00 6146.50 0.0010 89.14 1698.00 3681.50 -1000.00
166482 4 -50.00 7193.00 0.0010 105.59 755.00 6264.00 -1000.00
166483 4 -50.00 7167.00 0.0010 105.44 751.50 6258.00 -1000.00
166484 4 -50.00 7116.00 0.0010 44.71 748.50 4134.50 -1000.00
166485 4 -50.00 7139.00 0.0010 95.60 774.50 4143.00 -1000.00
166486 4 -50.00 7179.00 0.0010 116.13 781.50 6197.50 -1000.00
166487 4 -50.00 7146.50 0.0010 125.14 829.50 6160.50 -1000.00
166488 4 -50.00 7019.00 0.0010 109.42 789.00 4141.00 -1000.00
166489 4 -50.00 7035.50 0.0010 108.11 814.00 4136.00 -1000.00
166490 4 -50.00 7050.00 0.0010 116.41 782.50 4150.00 -1000.00
166491 4 -50.00 7183.00 0.0010 107.91 777.00 3749.50 -1000.00
166492 4 -50.00 7164.50 0.0010 105.73 779.00 4204.00 -1000.00
166495 4 -50.00 6993.50 0.0010 118.55 784.00 4182.50 -1000.00
166497 4 -50.00 6894.00 0.0010 108.10 796.00 4018.50 -1000.00
166498 4 -50.00 6252.50 0.0010 68.40 740.50 4151.50 -1000.00
166506 4 -50.00 7053.00 0.0010 75.37 788.50 4132.00 -1000.00
166519 3 -50.00 5904.00 0.0010 80.30 771.50 4187.00 -1000.00
166522 3 -50.00 5903.00 0.0010 33.82 201.50 4753.50 -1000.00
166529 3 -50.00 5901.50 0.0010 87.89 821.50 4101.50 -1000.00
166531 3 -50.00 5914.00 0.0010 104.73 786.00 4172.50 -1000.00
166534 3 -50.00 5904.00 0.0010 22.71 797.00 4486.50 -1000.00
166536 3 -50.00 5920.50 0.0010 41.19 742.00 4224.50 -1000.00
166541 4 -50.00 5952.00 0.0010 83.38 753.50 4058.50 -1000.00
166542 3 -50.00 5945.50 0.0010 98.38 201.00 4708.50 -1000.00
166543 3 -50.00 5949.00 0.0010 90.14 795.50 4109.50 -1000.00
166577 4 -50.00 6935.50 0.0010 5.46 1483.50 4357.00 -1000.00
166578 4 -50.00 7043.50 0.0010 5.78 1330.00 5616.00 -1000.00
166579 4 -50.00 6380.00 0.0010 6.28 1335.50 5139.50 -1000.00
166580 4 -50.00 7027.00 0.0010 6.11 1332.50 4541.50 -1000.00
166581 4 -50.00 7021.50 0.0010 6.29 1525.50 4192.50 -1000.00
166583 4 -50.00 7047.00 0.0010 6.01 1342.50 4901.00 -1000.00
166595 4 -50.00 6066.00 0.0010 10.95 1126.00 3924.50 -1000.00
166596 4 -50.00 7047.00 0.0010 17.86 1134.50 3862.50 -1000.00
166597 4 -50.00 7034.00 0.0010 47.81 1197.00 5766.50 -1000.00
166598 4 -50.00 7028.00 0.0010 70.87 1124.50 5843.50 -1000.00
166600 4 -50.00 6470.50 0.0010 30.44 1095.50 4286.00 -1000.00
166602 4 -50.00 6459.50 0.0010 21.15 1080.50 4034.50 -1000.00
166603 4 -50.00 6458.50 0.0010 15.23 1074.00 4345.50 -1000.00
166604 4 -50.00 6454.50 0.0010 33.40 1091.00 4332.00 -1000.00
166606 4 -50.00 6457.00 0.0010 7.68 1155.50 4297.00 -1000.00
166608 4 -50.00 6478.00 0.0010 8.12 1082.50 4392.50 -1000.00
166609 4 -50.00 6457.00 0.0010 4.34 1258.50 4148.50 -1000.00
166612 4 -50.00 6419.50 0.0010 10.66 1255.00 4195.00 -1000.00
166615 4 -50.00 6460.00 0.0010 8.28 1104.00 4318.00 -1000.00
166617 4 -50.00 6459.00 0.0010 17.05 1092.50 4369.50 -1000.00
166618 4 -50.00 6460.00 0.0010 19.40 1175.00 4262.50 -1000.00
166619 4 -50.00 6470.00 0.0010 22.27 1186.00 4205.00 -1000.00
166620 4 -50.00 6468.50 0.0010 11.63 1134.00 5423.50 -1000.00
166621 4 -50.00 7029.00 0.0010 18.40 1087.50 5419.00 -1000.00
166695 3 -50.00 5941.00 0.0010 34.68 789.50 4160.00 -1000.00
166702 3 -50.00 5858.50 0.0010 20.94 777.50 4194.00 -1000.00
166717 4 -50.00 7031.00 0.0010 11.70 1360.50 3445.00 -1000.00
166718 4 -50.00 7035.00 0.0010 12.10 1065.50 3902.00 -1000.00
166720 4 -50.00 6414.50 0.0010 10.74 1116.50 3816.00 -1000.00
166721 4 -50.00 6647.50 0.0010 11.42 1113.50 3818.00 -1000.00
166723 4 -50.00 6191.00 0.0010 9.07 1132.00 3795.00 -1000.00
166724 4 -50.00 6717.50 0.0010 10.95 1176.50 3705.00 -1000.00
166725 4 -50.00 6117.00 0.0010 11.27 1074.50 3838.50 -1000.00
166726 4 -50.00 6132.50 0.0010 10.52 1102.50 3844.50 -1000.00
166727 4 -50.00 6076.50 0.0010 8.01 1152.00 3791.50 -1000.00
166728 3 -50.00 5904.00 0.0010 10.95 1103.00 3822.00 -1000.00
166730 4 -50.00 6155.50 0.0010 11.50 1077.00 3863.50 -1000.00
166732 4 -50.00 6741.50 0.0010 27.81 1084.50 3807.00 -1000.00
166733 4 -50.00 6757.50 0.0010 39.23 1083.50 3861.00 -1000.00
166734 4 -50.00 6860.00 0.0010 50.40 1109.00 3824.50 -1000.00
166912 4 -50.00 6482.50 0.0010 16.94 1232.50 4560.00 -1000.00
166916 4 -50.00 6515.50 0.0010 28.01 1193.00 4655.50 -1000.00
166917 4 -50.00 6476.00 0.0010 16.38 1265.50 4538.00 -1000.00
166920 4 -50.00 6505.50 0.0010 10.17 1272.50 4543.00 -1000.00
166921 4 -50.00 6488.00 0.0010 14.82 1251.50 4514.50 -1000.00
166922 4 -50.00 6486.50 0.0010 11.80 1172.50 4653.50 -1000.00
166923 4 -50.00 6512.00 0.0010 8.03 1178.00 4597.00 -1000.00
167225 4 -50.00 6032.50 0.0010 12.21 1168.00 3870.50 -1000.00
167226 4 -50.00 6033.00 0.0010 12.60 1159.00 3898.50 -1000.00
167227 4 -50.00 6033.00 0.0010 12.73 1220.00 3817.50 -1000.00
167229 4 -50.00 6038.00 0.0010 13.00 1361.50 3689.00 -1000.00
167230 4 -50.00 6034.50 0.0010 12.94 1205.00 3802.50 -1000.00
167231 4 -50.00 6033.00 0.0010 13.25 1280.50 3757.50 -1000.00
167232 4 -50.00 6032.00 0.0010 13.34 1131.50 3837.50 -1000.00
167233 4 -50.00 6036.50 0.0010 13.17 1117.00 3870.00 -1000.00
167234 4 -50.00 6031.00 0.0010 13.11 1146.50 3856.50 -1000.00
167235 4 -50.00 6034.00 0.0010 13.25 1320.50 3696.00 -1000.00
167236 4 -50.00 6034.50 0.0010 13.43 1133.00 3895.50 -1000.00
167237 4 -50.00 6032.00 0.0010 13.22 1143.50 3895.50 -1000.00
167238 4 -50.00 6032.00 0.0010 13.11 1149.00 3862.50 -1000.00
167239 4 -50.00 6034.50 0.0010 13.99 1120.00 3901.00 -1000.00
167240 4 -50.00 6463.50 0.0010 18.36 1125.00 3911.50 -1000.00
167241 4 -50.00 6036.50 0.0010 14.42 1130.00 3921.00 -1000.00
167242 4 -50.00 6294.00 0.0010 26.22 1183.50 3858.00 -1000.00
167243 4 -50.00 6311.00 0.0010 27.10 1141.50 3900.00 -1000.00
167244 4 -50.00 6037.00 0.0010 14.76 1215.00 3728.50 -1000.00
167246 4 -50.00 6031.00 0.0010 14.14 1359.00 3533.50 -1000.00
167247 4 -50.00 6448.50 0.0010 27.24 1274.50 3613.00 -1000.00
167317 4 -50.00 6217.00 0.0010 11.11 1251.50 3587.50 -1000.00
167318 4 -50.00 6353.00 0.0010 12.54 1307.00 3658.50 -1000.00
167319 4 -50.00 6397.00 0.0010 5.51 1252.00 3709.50 -1000.00
167320 4 -50.00 6196.50 0.0010 6.09 1236.00 3661.00 -1000.00
167321 4 -50.00 6408.00 0.0010 6.86 1392.50 3570.50 -1000.00
167322 4 -50.00 6033.50 0.0010 6.01 1251.00 3664.00 -1000.00
167328 4 -50.00 6028.50 0.0010 5.45 1120.00 3841.50 -1000.00
167348 4 -50.00 6036.00 0.0010 6.23 1275.00 3674.50 -1000.00
167349 4 -50.00 6031.00 0.0010 5.57 1365.50 3495.00 -1000.00
167350 4 -50.00 6032.50 0.0010 9.74 1292.00 3635.50 -1000.00
167351 4 -50.00 6024.00 0.0010 9.39 1260.00 3710.00 -1000.00
167353 4 -50.00 6022.50 0.0010 8.83 1327.50 3629.50 -1000.00
167354 4 -50.00 6033.50 0.0010 8.07 1354.00 3616.00 -1000.00
167355 4 -50.00 5998.50 0.0010 4.39 1489.50 3433.00 -1000.00
167356 3 -50.00 5888.50 0.0010 8.80 1271.00 3682.00 -1000.00
167357 4 -50.00 6026.00 0.0010 6.59 1279.00 3565.00 -1000.00
167358 4 -50.00 6012.00 0.0010 8.57 1265.50 3722.50 -1000.00
167400 4 -50.00 6034.00 0.0010 8.73 1118.00 3894.50 -1000.00
167401 3 -50.00 5919.00 0.0010 16.22 1266.50 3703.00 -1000.00
167404 4 -50.00 6721.50 0.0010 27.79 896.50 4074.50 -1000.00
167405 4 -50.00 6257.50 0.0010 23.87 805.50 4140.50 -1000.00
167406 3 -50.00 5857.00 0.0010 30.83 835.50 4126.00 -1000.00
167408 4 -50.00 6028.50 0.0010 7.23 780.50 3956.50 -1000.00
167409 4 -50.00 6240.50 0.0010 10.32 782.00 4169.00 -1000.00
167410 4 -50.00 6119.50 0.0010 6.90 863.00 4025.50 -1000.00
167411 4 -50.00 6387.00 0.0010 25.24 843.00 4097.50 -1000.00
167413 4 -50.00 6232.50 0.0010 10.65 835.50 4084.50 -1000.00
167414 4 -50.00 6386.00 0.0010 24.90 788.00 4142.00 -1000.00
167418 4 -50.00 6381.50 0.0010 21.90 813.00 4106.50 -1000.00
167419 4 -50.00 6585.50 0.0010 35.53 861.50 4067.50 -1000.00
167420 4 -50.00 6179.00 0.0010 5.59 786.00 4183.50 -1000.00
167421 4 -50.00 6278.00 0.0010 19.23 853.50 4084.50 -1000.00
167422 4 -50.00 6633.50 0.0010 27.94 833.50 4094.50 -1000.00
167423 4 -50.00 6654.50 0.0010 30.20 779.50 4178.00 -1000.00
167424 4 -50.00 6031.00 0.0010 8.26 775.50 4186.50 -1000.00
167430 4 -50.00 6587.50 0.0010 21.54 940.00 4508.00 -1000.00
167431 4 -50.00 6644.00 0.0010 23.34 994.50 4368.50 -1000.00
167432 4 -50.00 6643.50 0.0010 25.41 996.00 4421.50 -1000.00
167433 4 -50.00 6913.00 0.0010 19.53 953.50 4348.00 -1000.00
167434 4 -50.00 6605.50 0.0010 19.05 935.50 4478.50 -1000.00
167435 4 -50.00 6750.00 0.0010 18.78 977.00 4474.50 -1000.00
167437 4 -50.00 7020.50 0.0010 20.43 1029.00 4390.50 -1000.00
167439 4 -50.00 7027.00 0.0010 20.89 943.50 4413.00 -1000.00
167440 4 -50.00 6801.50 0.0010 15.88 946.00 4514.00 -1000.00
167441 4 -50.00 6378.00 0.0010 7.90 1005.50 4388.50 -1000.00
167443 4 -50.00 6914.50 0.0010 17.55 983.00 4472.00 -1000.00
167444 4 -50.00 6994.50 0.0010 19.30 948.00 4424.00 -1000.00
167449 4 -50.00 6938.50 0.0010 18.39 921.50 4536.50 -1000.00
167451 4 -50.00 6842.50 0.0010 17.27 954.50 4456.00 -1000.00
167453 4 -50.00 6874.00 0.0010 17.48 938.50 4513.50 -1000.00
167455 4 -50.00 6441.00 0.0010 14.58 949.00 4490.00 -1000.00
167457 4 -50.00 6658.00 0.0010 9.87 934.50 3355.50 -1000.00
167460 4 -50.00 6425.00 0.0010 11.35 948.50 4477.50 -1000.00
167473 4 -50.00 6721.00 0.0010 17.15 1003.00 4344.50 -1000.00
167474 4 -50.00 6660.00 0.0010 17.94 946.50 4504.50 -1000.00
167481 4 -50.00 6432.00 0.0010 13.30 955.00 4489.00 -1000.00
167482 4 -50.00 6434.50 0.0010 12.05 944.00 4464.00 -1000.00
167483 4 -50.00 6825.00 0.0010 15.77 929.50 4530.50 -1000.00
167484 4 -50.00 6225.00 0.0010 6.84 963.50 4281.50 -1000.00
167485 4 -50.00 6623.00 0.0010 15.04 979.50 4428.50 -1000.00
167489 4 -50.00 6516.50 0.0010 17.24 958.00 4484.00 -1000.00
167490 4 -50.00 6437.50 0.0010 17.14 962.50 4282.00 -1000.00
167491 4 -50.00 6454.00 0.0010 17.07 937.50 4466.50 -1000.00
167493 4 -50.00 7459.00 0.0010 46.04 1784.50 3771.00 -1000.00
167499 4 -50.00 7499.00 0.0010 53.62 348.50 6321.50 -1000.00
167502 4 -50.00 7536.50 0.0010 42.83 349.50 5612.00 -1000.00
167504 4 -50.00 7463.00 0.0010 53.00 357.00 5557.00 -1000.00
167506 5 -50.00 8012.00 0.0010 41.47 380.50 5511.50 -1000.00
167516 4 -50.00 6618.50 0.0010 5.05 858.00 4124.50 -1000.00
167517 4 -50.00 6797.00 0.0010 6.83 824.00 4143.00 -1000.00
167518 4 -50.00 6517.50 0.0010 6.31 787.00 4191.00 -1000.00
167519 4 -50.00 6510.00 0.0010 6.71 1250.00 3707.50 -1000.00
167520 4 -50.00 6502.50 0.0010 6.76 1341.50 3634.00 -1000.00
167521 4 -50.00 6033.00 0.0010 6.70 858.00 4100.50 -1000.00
167522 4 -50.00 6028.50 0.0010 5.95 771.00 4137.00 -1000.00
167526 4 -50.00 6086.00 0.0010 3.17 891.50 4088.00 -1000.00
167529 4 -50.00 6047.00 0.0010 4.38 1265.50 3657.50 -1000.00
167530 4 -50.00 6027.50 0.0010 3.76 786.00 4164.50 -1000.00
167531 4 -50.00 6046.00 0.0010 4.56 1228.50 3741.00 -1000.00
167532 4 -50.00 6026.50 0.0010 4.77 867.00 4046.50 -1000.00
167534 4 -50.00 6343.00 0.0010 4.61 810.00 4130.50 -1000.00
167536 4 -50.00 6188.50 0.0010 3.43 1338.00 3557.50 -1000.00
167538 4 -50.00 6506.00 0.0010 6.80 1223.00 3753.50 -1000.00
167539 4 -50.00 6635.50 0.0010 6.04 864.50 4082.50 -1000.00
167540 4 -50.00 6543.50 0.0010 6.52 1227.00 3747.00 -1000.00
167541 4 -50.00 6833.50 0.0010 6.38 1281.50 3638.50 -1000.00
167542 4 -50.00 6838.00 0.0010 7.03 778.00 4193.00 -1000.00
